1.5	-0.069444
1.4998	-0.072506
1.4996	-0.036984
1.4994	-0.001541
1.4992	0.013873
1.499	-0.016951
1.4988	-0.049287
1.4986	-0.018495
1.4984	0.050875
1.4982	-0.015428
1.498	-0.035484
1.4978	0.064679
1.4976	0.116987
1.4974	0.083264
1.4972	-0.067899
1.497	-0.083278
1.4968	-0.01698
1.4966	0.047825
1.4964	0.064668
1.4962	0
1.496	-0.050923
1.4958	-0.066255
1.4956	0.018469
1.4954	0.084571
1.4952	0
1.495	-0.103165
1.4948	-0.021543
1.4946	0.066053
1.4944	0.086
1.4942	0.033812
1.494	-0.018462
1.4938	0.015395
1.4936	0.049305
1.4934	0.130868
1.4932	0.064638
1.493	-0.018475
1.4928	-0.020046
1.4926	-0.00463
1.4924	-0.003088
1.4922	-0.032399
1.492	-0.015391
1.4918	-0.01539
1.4916	-0.098672
1.4914	-0.018493
1.4912	0.078657
1.491	-0.016995
1.4908	-0.046238
1.4906	-0.001538
1.4904	0.010773
1.4902	0.030722
1.49	0.030713
1.4898	-0.050765
1.4896	-0.033812
1.4894	0.04614
1.4892	0.096857
1.489	0.081497
1.4888	0.00154
1.4886	-0.016945
1.4884	0.010787
1.4882	-0.006171
1.488	-0.038615
1.4878	0.066369
1.4876	0.05394
1.4874	0.015402
1.4872	0.04466
1.487	0.061563
1.4868	0.06156
1.4866	0.012326
1.4864	-0.020039
1.4862	-0.049332
1.486	0.004618
1.4858	0.067671
1.4856	0.029249
1.4854	-0.004623
1.4852	-0.033923
1.485	-0.016948
1.4848	-0.004625
1.4846	-0.006174
1.4844	0.077104
1.4842	0.027744
1.484	-0.053991
1.4838	-0.070843
1.4836	-0.053856
1.4834	-0.020059
1.4832	0.044733
1.483	0.016918
1.4828	0.015392
1.4826	0.049297
1.4824	0.066117
1.4822	0.061568
1.482	-0.020011
1.4818	-0.003075
1.4816	0.095478
1.4814	0.112403
1.4812	0.113741
1.481	0.084563
1.4808	-0.046163
1.4806	-0.096894
1.4804	-0.06775
1.4802	-0.067816
1.48	-0.063186
1.4798	-0.046221
1.4796	-0.016923
1.4794	0.096807
1.4792	0.084487
1.479	-0.063088
1.4788	-0.118581
1.4786	-0.070747
1.4784	0.06151
1.4782	0.095416
1.478	0.001538
1.4778	0.050752
1.4776	0.035416
1.4774	0.015384
1.4772	0.013873
1.477	-0.03244
1.4768	-0.001543
1.4766	-0.001542
1.4764	0.113881
1.4762	0.095236
1.476	-0.003075
1.4758	0.07843
1.4756	0.044547
1.4754	-0.003073
1.4752	-0.015351
1.475	-0.081416
1.4748	-0.019981
1.4746	0.001536
1.4744	0.018456
1.4742	0.124714
1.474	0.107739
1.4738	0.044715
1.4736	0.060131
1.4734	0.043124
1.4732	-0.004622
1.473	0.029247
1.4728	-0.049241
1.4726	0.064577
1.4724	0.156776
1.4722	0.01692
1.472	0.01692
1.4718	-0.047653
1.4716	-0.066111
1.4714	-0.006157
1.4712	-0.006152
1.471	-0.083032
1.4708	-0.083141
1.4706	-0.001539
1.4704	-0.015371
1.4702	0.04604
1.47	0.049149
1.4698	-0.047655
1.4696	0.013842
1.4694	0.113859
1.4692	0.116742
1.469	0.079849
1.4688	0.01539
1.4686	0.047693
1.4684	0.043054
1.4682	-0.018501
1.468	-0.046284
1.4678	-0.095642
1.4676	-0.067933
1.4674	-0.003081
1.4672	0.044617
1.467	0.047677
1.4668	0.030772
1.4666	0.027714
1.4664	0.02773
1.4662	-0.003081
1.466	0.029231
1.4658	0.046152
1.4656	-0.047719
1.4654	0.012321
1.4652	0.027727
1.465	-0.03393
1.4648	0.046273
1.4646	0.061639
1.4644	-0.032372
1.4642	0.064714
1.464	0.187505
1.4638	0.090736
1.4636	0.02773
1.4634	0.05853
1.4632	0.07393
1.463	0.07384
1.4628	0.029227
1.4626	-0.013847
1.4624	0.032264
1.4622	0.027667
1.462	-0.001538
1.4618	-0.0446
1.4616	-0.077014
1.4614	-0.02926
1.4612	-0.012315
1.461	0.046229
1.4608	0.033874
1.4606	-0.013848
1.4604	-0.003083
1.4602	0.012326
1.46	0.03076
1.4598	-0.013857
1.4596	-0.044684
1.4594	-0.030799
1.4592	0.029289
1.459	0.073976
1.4588	0.072338
1.4586	0.029297
1.4584	-0.032386
1.4582	-0.018475
1.458	0.013867
1.4578	-0.013883
1.4576	-0.046265
1.4574	-0.015404
1.4572	0.090975
1.457	0.087926
1.4568	0.103088
1.4566	0.090739
1.4564	0.075288
1.4562	0.06149
1.456	-0.044657
1.4558	-0.049306
1.4556	-0.035461
1.4554	0.01078
1.4552	0
1.455	-0.041527
1.4548	-0.013855
1.4546	-0.013856
1.4544	0.003079
1.4542	0.044639
1.454	0.027698
1.4538	0.041557
1.4536	0.103062
1.4534	0.061463
1.4532	-0.015391
1.453	-0.044639
1.4528	-0.015376
1.4526	0.027671
1.4524	-0.046136
1.4522	-0.07691
1.452	0.056843
1.4518	0.087484
1.4516	0.029174
1.4514	-0.01384
1.4512	0.044568
1.451	0.072216
1.4508	0.041519
1.4506	0.070714
1.4504	0.010752
1.4502	0.010752
1.45	0.010773
1.4498	-0.016942
1.4496	0.059981
1.4494	0.032327
1.4492	0
1.449	-0.030719
1.4488	-0.073848
1.4486	0.003076
1.4484	0.090575
1.4482	0.053836
1.448	-0.021529
1.4478	0.009223
1.4476	-0.016939
1.4474	0.039965
1.4472	0.067532
1.447	-0.001538
1.4468	0.013851
1.4466	0.056859
1.4464	0.069181
1.4462	0.026168
1.446	0.026173
1.4458	0.05693
1.4456	0.043048
1.4454	0.039972
1.4452	-0.015405
1.445	-0.100288
1.4448	-0.07404
1.4446	0.055427
1.4444	0.101552
1.4442	0.069213
1.444	0.084486
1.4438	0.069234
1.4436	0.013853
1.4434	0.043028
1.4432	0.127448
1.443	0.099628
1.4428	0.013801
1.4426	0.013815
1.4424	0
1.4422	0.027697
1.442	0.096934
1.4418	0.009229
1.4416	-0.090811
1.4414	0.026154
1.4412	0.081477
1.441	-0.018479
1.4408	-0.030851
1.4406	-0.001542
1.4404	0.084798
1.4402	0.097198
1.44	0.038566
1.4398	0.055438
1.4396	0.083113
1.4394	0.041562
1.4392	0.027742
1.439	0.026207
1.4388	0.012314
1.4386	0.012311
1.4384	-0.003079
1.4382	-0.016932
1.438	-0.003079
1.4378	0.024635
1.4376	-0.013855
1.4374	-0.015395
1.4372	0.010769
1.437	0.053719
1.4368	0.081325
1.4366	0.087466
1.4364	0.085812
1.4362	0.039911
1.436	0.010786
1.4358	0.036931
1.4356	0.096638
1.4354	0.041456
1.4352	0
1.435	0.030672
1.4348	0.043029
1.4346	0.012297
1.4344	-0.041561
1.4342	-0.001542
1.434	-0.00154
1.4338	0
1.4336	-0.013873
1.4334	-0.041604
1.4332	-0.029217
1.433	0.012328
1.4328	0.037038
1.4326	-0.004627
1.4324	-0.015397
1.4322	0.012297
1.432	0.039879
1.4318	0.055207
1.4316	0.069062
1.4314	0.067546
1.4312	0.0538
1.431	0
1.4308	0.029154
1.4306	0.055337
1.4304	-0.013846
1.4302	-0.016922
1.43	-0.001541
1.4298	0.112494
1.4296	0.152509
1.4294	0.035461
1.4292	-0.01697
1.429	-0.027747
1.4288	0.052336
1.4286	0.135334
1.4284	0.0292
1.4282	-0.067729
1.428	0.027727
1.4278	0.012332
1.4276	-0.013869
1.4274	0.11076
1.4272	0.024632
1.427	-0.043078
1.4268	0.053842
1.4266	0.040025
1.4264	0.040001
1.4262	0.039985
1.426	0.013848
1.4258	-0.001537
1.4256	0.082832
1.4254	0.15034
1.4252	0.079812
1.425	0.023052
1.4248	0.012304
1.4246	0.082988
1.4244	0.13675
1.4242	0.029179
1.424	-0.083028
1.4238	-0.03078
1.4236	0.052304
1.4234	0.039998
1.4232	0.067732
1.423	0.052364
1.4228	0.012316
1.4226	0.012321
1.4224	0.013873
1.4222	0.081748
1.422	0.10818
1.4218	0.066466
1.4216	0.024706
1.4214	-0.001542
1.4212	0.026148
1.421	0
1.4208	-0.040009
1.4206	0
1.4204	0.1136
1.4202	0.087609
1.42	-0.027734
1.4198	0.012312
1.4196	0.053848
1.4194	0.067721
1.4192	0.083127
1.419	0.016925
1.4188	0.016888
1.4186	0.015362
1.4184	-0.015371
1.4182	-0.029231
1.418	0
1.4178	0.041548
1.4176	0
1.4174	0.041594
1.4172	0.053945
1.417	0.040086
1.4168	0.043137
1.4166	0.0277
1.4164	0.010768
1.4162	-0.016917
1.416	-0.018488
1.4158	-0.018508
1.4156	-0.041665
1.4154	-0.029285
1.4152	-0.03235
1.415	-0.073851
1.4148	-0.047639
1.4146	0.053782
1.4144	0.042966
1.4142	0
1.414	0.087246
1.4138	0.14833
1.4136	0.072006
1.4134	-0.029127
1.4132	-0.016906
1.413	0.129504
1.4128	0.146597
1.4126	0.027784
1.4124	-0.013898
1.4122	0
1.412	0.055582
1.4118	0.044645
1.4116	0.030742
1.4114	0.041475
1.4112	0.041444
1.411	0.041492
1.4108	0.027643
1.4106	0.026107
1.4104	-0.001539
1.4102	0.055383
1.41	0.055328
1.4098	-0.001538
1.4096	0.026147
1.4094	-0.016884
1.4092	-0.050654
1.409	0.0092
1.4088	-0.013782
1.4086	0.001535
1.4084	-0.029224
1.4082	-0.104899
1.408	-0.029415
1.4078	0.01239
1.4076	0.055724
1.4074	0.029425
1.4072	-0.029431
1.407	0.04014
1.4068	0.067779
1.4066	0.113896
1.4064	0.084563
1.4062	-0.021534
1.406	0.010775
1.4058	0.027731
1.4056	0.012347
1.4054	0.012358
1.4052	0.041596
1.405	-0.001535
1.4048	-0.075111
1.4046	-0.064193
1.4044	-0.018299
1.4042	0
1.404	0.032047
1.4038	0.044387
1.4036	0.100029
1.4034	0.084851
1.4032	0.024772
1.403	0.038901
1.4028	-0.004656
1.4026	-0.003097
1.4024	0.026281
1.4022	0.012342
1.402	-0.044709
1.4018	0.026139
1.4016	0.069069
1.4014	0.012279
1.4012	0.053702
1.401	0.053585
1.4008	-0.003065
1.4006	-0.058277
1.4004	-0.039985
1.4002	0.001538
1.4	-0.013817
1.3998	-0.046159
1.3996	0.043009
1.3994	-0.001536
1.3992	-0.107966
1.399	0.027806
1.3988	0.131361
1.3986	0.131282
1.3984	0.070724
1.3982	0
1.398	-0.013926
1.3978	0.013876
1.3976	0.097182
1.3974	0.154097
1.3972	0.099826
1.397	0.02759
1.3968	-0.030649
1.3966	0.024497
1.3964	0.070526
1.3962	-0.041472
1.396	-0.058291
1.3958	0.043002
1.3956	0.043097
1.3954	0.013896
1.3952	-0.015416
1.395	-0.07399
1.3948	-0.015439
1.3946	0.012357
1.3944	0.012362
1.3942	0.058591
1.394	-0.015456
1.3938	-0.075731
1.3936	-0.046384
1.3934	-0.018612
1.3932	0.024808
1.393	0.026345
1.3928	0.038652
1.3926	0.067862
1.3924	0.11224
1.3922	0.085791
1.392	-0.01068
1.3918	0.019799
1.3916	0.013718
1.3914	-0.018317
1.3912	0.120767
1.391	0.150479
1.3908	-0.016931
1.3906	-0.062931
1.3904	0.036994
1.3902	0.055691
1.39	0.041682
1.3898	0.067759
1.3896	0.024587
1.3894	0.052165
1.3892	0.096557
1.389	0.067452
1.3888	0.039968
1.3886	0.040054
1.3884	0.026137
1.3882	0.072232
1.388	0.087424
1.3878	0.027568
1.3876	0.01538
1.3874	0.001539
1.3872	0.060046
1.387	0.044788
1.3868	0.089644
1.3866	0.194723
1.3864	0.165605
1.3862	0.119245
1.386	0.101946
1.3858	0.144592
1.3856	0.144206
1.3854	0.082785
1.3852	0.113128
1.385	0.145175
1.3848	0.044335
1.3846	-0.016873
1.3844	0.087728
1.3842	0.087701
1.384	0.02933
1.3838	0.139173
1.3836	0.165545
1.3834	0.088249
1.3832	0.089703
1.383	0.106515
1.3828	0.027854
1.3826	0.029252
1.3824	0.009196
1.3822	0.042831
1.382	0.112833
1.3818	0.172405
1.3816	0.154648
1.3814	-0.004624
1.3812	0.029314
1.381	0.080278
1.3808	0.060245
1.3806	0.109294
1.3804	0.098041
1.3802	0.064207
1.38	0.128268
1.3798	0.232111
1.3796	0.199485
1.3794	0.146955
1.3792	0.128915
1.379	0.124291
1.3788	0.088846
1.3786	0.071747
1.3784	0.118139
1.3782	0.044903
1.378	0.046305
1.3778	0.120114
1.3776	0.167574
1.3774	0.120116
1.3772	0.07092
1.377	0.118721
1.3768	0.151194
1.3766	0.103188
1.3764	0.104526
1.3762	0.16586
1.376	0.164256
1.3758	0.197716
1.3756	0.154801
1.3754	0.118324
1.3752	0.150678
1.375	0.133813
1.3748	0.130724
1.3746	0.210188
1.3744	0.227068
1.3742	0.104493
1.374	0.010757
1.3738	0.073752
1.3736	0.169077
1.3734	0.073838
1.3732	0.133921
1.373	0.212336
1.3728	0.152261
1.3726	0.198487
1.3724	0.198397
1.3722	0.186153
1.372	0.20158
1.3718	0.215261
1.3716	0.183044
1.3714	0.104658
1.3712	0.187528
1.371	0.287169
1.3708	0.254731
1.3706	0.139898
1.3704	0.059985
1.3702	0.130629
1.37	0.266314
1.3698	0.28169
1.3696	0.212588
1.3694	0.17753
1.3692	0.194911
1.369	0.193497
1.3688	0.193331
1.3686	0.174214
1.3684	0.121449
1.3682	0.176352
1.368	0.177361
1.3678	0.212046
1.3676	0.338729
1.3674	0.375757
1.3672	0.20028
1.367	0.058381
1.3668	0.213815
1.3666	0.318915
1.3664	0.351844
1.3662	0.412229
1.366	0.328614
1.3658	0.343941
1.3656	0.370815
1.3654	0.301844
1.3652	0.30325
1.365	0.270339
1.3648	0.325395
1.3646	0.397605
1.3644	0.313245
1.3642	0.298648
1.364	0.321672
1.3638	0.271947
1.3636	0.301773
1.3634	0.265466
1.3632	0.212614
1.363	0.296413
1.3628	0.32408
1.3626	0.318025
1.3624	0.347476
1.3622	0.344196
1.362	0.346284
1.3618	0.336201
1.3616	0.393816
1.3614	0.310532
1.3612	0.317407
1.361	0.374324
1.3608	0.322647
1.3606	0.394331
1.3604	0.428184
1.3602	0.372697
1.36	0.314461
1.3598	0.423607
1.3596	0.499369
1.3594	0.425767
1.3592	0.311436
1.359	0.282358
1.3588	0.393544
1.3586	0.487644
1.3584	0.536303
1.3582	0.549469
1.358	0.432911
1.3578	0.383314
1.3576	0.442804
1.3574	0.42643
1.3572	0.392197
1.357	0.360843
1.3568	0.343722
1.3566	0.49856
1.3564	0.63942
1.3562	0.591239
1.356	0.498902
1.3558	0.484634
1.3556	0.467845
1.3554	0.467838
1.3552	0.51629
1.355	0.529692
1.3548	0.563521
1.3546	0.583118
1.3544	0.599079
1.3542	0.567791
1.354	0.538187
1.3538	0.552994
1.3536	0.611649
1.3534	0.636732
1.3532	0.706116
1.353	0.746919
1.3528	0.727278
1.3526	0.708885
1.3524	0.690182
1.3522	0.718401
1.352	0.671842
1.3518	0.655249
1.3516	0.697468
1.3514	0.770249
1.3512	0.810228
1.351	0.808018
1.3508	0.776977
1.3506	0.778387
1.3504	0.877048
1.3502	0.916034
1.35	0.883905
1.3498	0.895855
1.3496	0.927544
1.3494	0.937155
1.3492	0.976209
1.349	1.003339
1.3488	1.046688
1.3486	1.145127
1.3484	1.143271
1.3482	1.127975
1.348	1.155816
1.3478	1.196331
1.3476	1.19807
1.3474	1.242072
1.3472	1.283465
1.347	1.259408
1.3468	1.330481
1.3466	1.382095
1.3464	1.422264
1.3462	1.445999
1.346	1.494163
1.3458	1.605535
1.3456	1.600541
1.3454	1.59299
1.3452	1.620119
1.345	1.617081
1.3448	1.752425
1.3446	1.889629
1.3444	1.917084
1.3442	1.959149
1.344	2.029108
1.3438	2.08509
1.3436	2.196303
1.3434	2.20801
1.3432	2.178403
1.343	2.305406
1.3428	2.38462
1.3426	2.437073
1.3424	2.585815
1.3422	2.629692
1.342	2.657348
1.3418	2.868719
1.3416	2.972193
1.3414	3.016743
1.3412	3.155937
1.341	3.271298
1.3408	3.379265
1.3406	3.486867
1.3404	3.662364
1.3402	3.823199
1.34	3.854545
1.3398	3.944103
1.3396	4.144618
1.3394	4.334349
1.3392	4.536212
1.339	4.676418
1.3388	4.875549
1.3386	5.112756
1.3384	5.255584
1.3382	5.502473
1.338	5.672506
1.3378	5.895554
1.3376	6.178602
1.3374	6.387717
1.3372	6.670238
1.337	6.94598
1.3368	7.212364
1.3366	7.455348
1.3364	7.765506
1.3362	8.145322
1.336	8.280139
1.3358	8.559231
1.3356	9.122431
1.3354	9.477334
1.3352	9.857532
1.335	10.383704
1.3348	10.834341
1.3346	11.29468
1.3344	11.814728
1.3342	12.259312
1.334	12.735754
1.3338	13.414502
1.3336	14.031996
1.3334	14.619709
1.3332	15.358684
1.333	15.974785
1.3328	16.720331
1.3326	17.552814
1.3324	18.270422
1.3322	19.122803
1.332	20.013596
1.3318	20.858103
1.3316	21.851357
1.3314	22.932186
1.3312	23.89962
1.331	24.960894
1.3308	26.348566
1.3306	27.480209
1.3304	28.495441
1.3302	29.900562
1.33	31.086033
1.3298	32.469044
1.3296	34.152695
1.3294	35.385178
1.3292	36.878223
1.329	38.584839
1.3288	40.082458
1.3286	41.887127
1.3284	43.67889
1.3282	45.266327
1.328	46.815933
1.3278	48.639729
1.3276	50.599091
1.3274	52.386879
1.3272	54.377686
1.327	56.108982
1.3268	57.917988
1.3266	60.032902
1.3264	61.627384
1.3262	63.138748
1.326	64.844719
1.3258	66.63871
1.3256	68.523651
1.3254	70.12793
1.3252	71.828781
1.325	73.442535
1.3248	74.754822
1.3246	76.426186
1.3244	77.743462
1.3242	78.679291
1.324	79.924431
1.3238	81.256569
1.3236	82.345848
1.3234	83.296143
1.3232	84.212234
1.323	84.913544
1.3228	85.611885
1.3226	86.54216
1.3224	87.08223
1.3222	87.514
1.322	87.964928
1.3218	88.219292
1.3216	88.545349
1.3214	88.959076
1.3212	89.177673
1.321	89.330383
1.3208	89.598633
1.3206	89.582169
1.3204	89.527145
1.3202	89.503014
1.32	89.399292
1.3198	89.255836
1.3196	89.373993
1.3194	89.130478
1.3192	88.825439
1.319	88.823174
1.3188	88.606026
1.3186	88.254791
1.3184	88.180367
1.3182	88.178185
1.318	87.926765
1.3178	87.663017
1.3176	87.322845
1.3174	87.076019
1.3172	86.960152
1.317	86.732445
1.3168	86.503822
1.3166	86.352409
1.3164	86.223022
1.3162	85.971832
1.316	85.748055
1.3158	85.642403
1.3156	85.313568
1.3154	85.051575
1.3152	85.009712
1.315	84.822357
1.3148	84.754898
1.3146	84.723854
1.3144	84.457848
1.3142	84.357796
1.314	84.291618
1.3138	84.055466
1.3136	83.893494
1.3134	83.845741
1.3132	83.792191
1.313	83.744659
1.3128	83.559875
1.3126	83.550583
1.3124	83.536491
1.3122	83.37394
1.312	83.30896
1.3118	83.421638
1.3116	83.564072
1.3114	83.468575
1.3112	83.499535
1.311	83.55162
1.3108	83.398209
1.3106	83.469643
1.3104	83.715515
1.3102	83.720795
1.31	83.805634
1.3098	83.959366
1.3096	83.89827
1.3094	83.828552
1.3092	83.783203
1.309	83.726898
1.3088	83.829391
1.3086	84.098465
1.3084	84.177368
1.3082	84.176308
1.308	84.27179
1.3078	84.373497
1.3076	84.257095
1.3074	84.384811
1.3072	84.485558
1.307	84.516106
1.3068	84.796051
1.3066	84.690529
1.3064	84.784851
1.3062	84.934998
1.306	84.866516
1.3058	85.031425
1.3056	85.243889
1.3054	85.352188
1.3052	85.393715
1.305	85.510429
1.3048	85.535576
1.3046	85.56144
1.3044	85.765297
1.3042	85.863556
1.304	85.857475
1.3038	85.925056
1.3036	85.942459
1.3034	85.940308
1.3032	86.02755
1.303	86.055008
1.3028	86.163521
1.3026	86.364105
1.3024	86.478539
1.3022	86.639694
1.302	86.576492
1.3018	86.473877
1.3016	86.497124
1.3014	86.558456
1.3012	86.749817
1.301	86.789528
1.3008	86.896935
1.3006	86.924774
1.3004	86.836792
1.3002	86.79512
1.3	86.79982
1.2998	86.921173
1.2996	86.93631
1.2994	86.976875
1.2992	87.029762
1.299	86.945915
1.2988	86.937912
1.2986	86.998688
1.2984	87.240875
1.2982	87.385712
1.298	87.289864
1.2978	87.322952
1.2976	87.377327
1.2974	87.340126
1.2972	87.359894
1.297	87.43325
1.2968	87.44931
1.2966	87.487488
1.2964	87.398506
1.2962	87.444565
1.296	87.514313
1.2958	87.450432
1.2956	87.398293
1.2954	87.269714
1.2952	87.341042
1.295	87.561546
1.2948	87.520561
1.2946	87.562149
1.2944	87.737968
1.2942	87.727547
1.294	87.6735
1.2938	87.75029
1.2936	87.961861
1.2934	88.08165
1.2932	88.127914
1.293	88.199898
1.2928	88.147163
1.2926	88.078804
1.2924	88.030144
1.2922	88.144798
1.292	88.400864
1.2918	88.391457
1.2916	88.287407
1.2914	88.46624
1.2912	88.503029
1.291	88.318405
1.2908	88.508492
1.2906	88.596062
1.2904	88.532387
1.2902	88.721062
1.29	88.751762
1.2898	88.729309
1.2896	88.901917
1.2894	88.786354
1.2892	88.776588
1.289	89.157837
1.2888	89.183914
1.2886	89.169075
1.2884	89.409729
1.2882	89.379539
1.288	89.336304
1.2878	89.477097
1.2876	89.55526
1.2874	89.691772
1.2872	90.056335
1.287	90.11377
1.2868	89.788353
1.2866	89.829453
1.2864	90.0065
1.2862	90.062561
1.286	90.318924
1.2858	90.56427
1.2856	90.58123
1.2854	90.426125
1.2852	90.345329
1.285	90.501495
1.2848	90.711716
1.2846	90.835495
1.2844	91.029579
1.2842	91.142715
1.284	91.13987
1.2838	91.102463
1.2836	91.011108
1.2834	91.15976
1.2832	91.360329
1.283	91.425217
1.2828	91.575203
1.2826	91.528809
1.2824	91.393639
1.2822	91.425697
1.282	91.472229
1.2818	91.723099
1.2816	92.017769
1.2814	92.087227
1.2812	92.130714
1.281	92.100479
1.2808	92.018303
1.2806	91.96711
1.2804	92.104774
1.2802	92.397202
1.28	92.557854
1.2798	92.585693
1.2796	92.497955
1.2794	92.453789
1.2792	92.551079
1.279	92.563782
1.2788	92.566864
1.2786	92.890182
1.2784	92.94577
1.2782	92.773689
1.278	92.848152
1.2778	92.806557
1.2776	92.716133
1.2774	93.012527
1.2772	93.120033
1.277	92.976845
1.2768	93.035202
1.2766	92.917984
1.2764	92.738586
1.2762	92.930939
1.276	92.94342
1.2758	92.82444
1.2756	93.179092
1.2754	93.247536
1.2752	93.199203
1.275	93.313271
1.2748	93.071533
1.2746	92.969849
1.2744	93.185753
1.2742	93.222717
1.274	93.286797
1.2738	93.517464
1.2736	93.273422
1.2734	93.012863
1.2732	93.097954
1.273	92.950645
1.2728	92.965546
1.2726	93.301239
1.2724	93.274696
1.2722	93.163475
1.272	93.225792
1.2718	93.090469
1.2716	92.991554
1.2714	93.015732
1.2712	92.955284
1.271	92.958015
1.2708	92.95929
1.2706	92.805931
1.2704	92.758293
1.2702	92.829803
1.27	92.801163
1.2698	92.668999
1.2696	92.619919
1.2694	92.794334
1.2692	92.785698
1.269	92.67411
1.2688	92.621033
1.2686	92.450577
1.2684	92.481956
1.2682	92.448662
1.268	92.309235
1.2678	92.30751
1.2676	92.330414
1.2674	92.181442
1.2672	92.109314
1.267	92.093338
1.2668	91.964478
1.2666	91.848511
1.2664	91.915504
1.2662	91.827255
1.266	91.793289
1.2658	92.035667
1.2656	91.871078
1.2654	91.575012
1.2652	91.61676
1.265	91.474655
1.2648	91.28051
1.2646	91.52594
1.2644	91.465225
1.2642	91.289421
1.264	91.326515
1.2638	91.125099
1.2636	90.87809
1.2634	91.046669
1.2632	90.900383
1.263	90.601517
1.2628	90.904236
1.2626	90.833931
1.2624	90.430275
1.2622	90.555008
1.262	90.421936
1.2618	90.193275
1.2616	90.376083
1.2614	90.203072
1.2612	90.081688
1.261	90.211716
1.2608	89.981796
1.2606	89.797905
1.2604	89.784943
1.2602	89.614716
1.26	89.545013
1.2598	89.729553
1.2596	89.663795
1.2594	89.397308
1.2592	89.310013
1.259	89.222809
1.2588	89.148972
1.2586	89.111084
1.2584	88.90596
1.2582	88.803749
1.258	88.886154
1.2578	88.744781
1.2576	88.495041
1.2574	88.366249
1.2572	88.34877
1.257	88.193184
1.2568	88.14534
1.2566	88.171806
1.2564	88.023247
1.2562	87.893898
1.256	87.764328
1.2558	87.780411
1.2556	87.880684
1.2554	87.786858
1.2552	87.670723
1.255	87.636673
1.2548	87.533386
1.2546	87.346901
1.2544	87.236877
1.2542	87.288536
1.254	87.13813
1.2538	86.981575
1.2536	87.163116
1.2534	87.098465
1.2532	87.080498
1.253	87.05986
1.2528	86.899231
1.2526	86.773758
1.2524	86.662781
1.2522	86.535187
1.252	86.436531
1.2518	86.621414
1.2516	86.565704
1.2514	86.350479
1.2512	86.400711
1.251	86.362701
1.2508	86.224266
1.2506	86.347076
1.2504	86.204124
1.2502	86.055054
1.25	86.286392
1.2498	86.11834
1.2496	85.959091
1.2494	86.220352
1.2492	86.115738
1.249	85.950958
1.2488	86.068558
1.2486	86.020264
1.2484	85.955307
1.2482	86.049171
1.248	86.002663
1.2478	85.831039
1.2476	85.985176
1.2474	86.026924
1.2472	86.025665
1.247	86.264214
1.2468	86.042671
1.2466	85.876572
1.2464	85.972198
1.2462	85.929321
1.246	85.981064
1.2458	86.046867
1.2456	86.040726
1.2454	85.986763
1.2452	85.902161
1.245	85.769165
1.2448	85.735939
1.2446	85.989998
1.2444	86.17572
1.2442	86.093803
1.244	86.077011
1.2438	86.064095
1.2436	85.892708
1.2434	85.924789
1.2432	86.114319
1.243	86.129082
1.2428	86.120941
1.2426	86.260147
1.2424	86.32225
1.2422	86.31353
1.242	86.198563
1.2418	86.082985
1.2416	86.206291
1.2414	86.45134
1.2412	86.407051
1.241	86.311371
1.2408	86.530319
1.2406	86.460556
1.2404	86.18206
1.2402	86.370697
1.24	86.480621
1.2398	86.444572
1.2396	86.63147
1.2394	86.477127
1.2392	86.206367
1.239	86.331871
1.2388	86.259216
1.2386	86.097237
1.2384	86.476006
1.2382	86.494667
1.238	86.310532
1.2378	86.451759
1.2376	86.330162
1.2374	86.077972
1.2372	86.258118
1.237	86.286209
1.2368	86.214317
1.2366	86.541489
1.2364	86.295036
1.2362	85.989487
1.236	86.261292
1.2358	86.046928
1.2356	85.676201
1.2354	85.940956
1.2352	86.122597
1.235	85.975578
1.2348	86.002281
1.2346	85.879364
1.2344	85.609062
1.2342	85.688812
1.234	85.769127
1.2338	85.59977
1.2336	85.597839
1.2334	85.609001
1.2332	85.454849
1.233	85.27372
1.2328	85.115906
1.2326	84.997192
1.2324	84.970123
1.2322	85.056343
1.232	84.939278
1.2318	84.749405
1.2316	84.748711
1.2314	84.534882
1.2312	84.260475
1.231	84.319138
1.2308	84.249298
1.2306	84.256554
1.2304	84.423576
1.2302	84.231453
1.23	83.991531
1.2298	83.910278
1.2296	83.695839
1.2294	83.512024
1.2292	83.615173
1.229	83.655365
1.2288	83.560036
1.2286	83.443588
1.2284	83.232536
1.2282	82.913597
1.228	83.058556
1.2278	83.158264
1.2276	82.997612
1.2274	83.098427
1.2272	83.001579
1.227	82.826721
1.2268	82.780197
1.2266	82.596115
1.2264	82.418358
1.2262	82.683151
1.226	82.714867
1.2258	82.436134
1.2256	82.407242
1.2254	82.297325
1.2252	82.119644
1.225	82.131424
1.2248	82.055145
1.2246	81.921738
1.2244	82.046097
1.2242	81.979156
1.224	81.860146
1.2238	82.042641
1.2236	81.862816
1.2234	81.644249
1.2232	81.728302
1.223	81.931473
1.2228	82.013916
1.2226	81.971519
1.2224	81.832535
1.2222	81.75843
1.222	81.894524
1.2218	82.022972
1.2216	82.058022
1.2214	82.065239
1.2212	82.09214
1.221	82.092499
1.2208	82.120346
1.2206	82.113716
1.2204	82.164902
1.2202	82.271217
1.22	82.47821
1.2198	82.460587
1.2196	82.445778
1.2194	82.453598
1.2192	82.314064
1.219	82.452507
1.2188	82.824585
1.2186	82.92495
1.2184	82.777679
1.2182	83.037491
1.218	83.223251
1.2178	83.215736
1.2176	83.317368
1.2174	83.392418
1.2172	83.542839
1.217	83.794525
1.2168	83.947411
1.2166	84.007904
1.2164	84.096649
1.2162	84.048134
1.216	84.214882
1.2158	84.568756
1.2156	84.697601
1.2154	84.802078
1.2152	85.065399
1.215	84.983109
1.2148	85.007797
1.2146	85.22229
1.2144	85.246376
1.2142	85.41066
1.214	85.739365
1.2138	85.845886
1.2136	85.827492
1.2134	86.00914
1.2132	86.014862
1.213	86.02829
1.2128	86.426239
1.2126	86.612587
1.2124	86.594315
1.2122	86.933601
1.212	86.974564
1.2118	86.836044
1.2116	87.116333
1.2114	87.15892
1.2112	87.099243
1.211	87.429604
1.2108	87.503372
1.2106	87.34948
1.2104	87.541183
1.2102	87.639633
1.21	87.646484
1.2098	87.849785
1.2096	87.891533
1.2094	87.884438
1.2092	87.937515
1.209	87.842606
1.2088	87.683327
1.2086	87.792717
1.2084	87.800934
1.2082	87.720558
1.208	87.732765
1.2078	87.797501
1.2076	87.772552
1.2074	87.670265
1.2072	87.57357
1.207	87.567154
1.2068	87.711922
1.2066	87.673012
1.2064	87.378662
1.2062	87.311264
1.206	87.528252
1.2058	87.205597
1.2056	86.952904
1.2054	87.16468
1.2052	87.018982
1.205	86.803764
1.2048	86.783096
1.2046	86.561325
1.2044	86.416336
1.2042	86.411781
1.204	86.130753
1.2038	85.994865
1.2036	86.233772
1.2034	86.077805
1.2032	85.655533
1.203	85.739227
1.2028	85.61319
1.2026	85.202621
1.2024	85.263649
1.2022	85.228729
1.202	84.989334
1.2018	84.882484
1.2016	84.634491
1.2014	84.389053
1.2012	84.419014
1.201	84.303009
1.2008	84.047173
1.2006	84.081993
1.2004	84.023277
1.2002	83.688225
1.2	83.600807
1.1998	83.531525
1.1996	83.311104
1.1994	83.399742
1.1992	83.340874
1.199	83.08728
1.1988	83.014862
1.1986	82.870026
1.1984	82.684296
1.1982	82.711067
1.198	82.606735
1.1978	82.403862
1.1976	82.551353
1.1974	82.525734
1.1972	82.347183
1.197	82.287514
1.1968	82.211884
1.1966	82.025604
1.1964	82.088051
1.1962	82.243019
1.196	82.174812
1.1958	82.151474
1.1956	81.965195
1.1954	81.823135
1.1952	81.832718
1.195	81.938095
1.1948	81.808037
1.1946	81.73365
1.1944	81.872253
1.1942	81.828972
1.194	81.786232
1.1938	81.893303
1.1936	81.810089
1.1934	81.739532
1.1932	81.846581
1.193	81.758575
1.1928	81.803207
1.1926	82.075134
1.1924	82.03746
1.1922	81.793922
1.192	81.854942
1.1918	81.901329
1.1916	81.909203
1.1914	82.002907
1.1912	82.066696
1.191	82.096786
1.1908	82.074181
1.1906	81.946434
1.1904	81.90686
1.1902	82.061493
1.19	82.07505
1.1898	82.058411
1.1896	82.239967
1.1894	82.184486
1.1892	81.992943
1.189	82.020416
1.1888	81.917061
1.1886	81.742928
1.1884	82.014641
1.1882	82.120522
1.188	81.933228
1.1878	82.052071
1.1876	82.074257
1.1874	81.851112
1.1872	81.763603
1.187	81.527969
1.1868	81.353867
1.1866	81.611794
1.1864	81.635574
1.1862	81.342346
1.186	81.262886
1.1858	81.178574
1.1856	80.985352
1.1854	80.937958
1.1852	80.817223
1.185	80.801544
1.1848	80.793228
1.1846	80.627083
1.1844	80.310532
1.1842	80.159607
1.184	80.180618
1.1838	80.140518
1.1836	80.19236
1.1834	80.240891
1.1832	80.153824
1.183	79.901405
1.1828	79.793335
1.1826	79.606972
1.1824	79.345116
1.1822	79.322258
1.182	79.267532
1.1818	79.151505
1.1816	79.176544
1.1814	79.059494
1.1812	78.908325
1.181	78.930733
1.1808	78.816475
1.1806	78.714081
1.1804	78.797119
1.1802	78.828918
1.18	78.752647
1.1798	78.73484
1.1796	78.59848
1.1794	78.413536
1.1792	78.517723
1.179	78.600777
1.1788	78.634773
1.1786	78.739113
1.1784	78.81958
1.1782	78.84201
1.178	78.986786
1.1778	79.017136
1.1776	78.997711
1.1774	79.256042
1.1772	79.424919
1.177	79.497398
1.1768	79.656761
1.1766	79.986618
1.1764	80.172676
1.1762	80.265091
1.176	80.471298
1.1758	80.657372
1.1756	81.005707
1.1754	81.323059
1.1752	81.427567
1.175	81.703743
1.1748	81.940796
1.1746	81.893921
1.1744	82.162758
1.1742	82.507072
1.174	82.710098
1.1738	82.877106
1.1736	82.958649
1.1734	83.02478
1.1732	83.169136
1.173	83.202751
1.1728	83.135963
1.1726	83.195534
1.1724	83.130142
1.1722	82.99736
1.172	82.824516
1.1718	82.568199
1.1716	82.08696
1.1714	81.635674
1.1712	81.297768
1.171	80.98941
1.1708	80.457016
1.1706	79.640144
1.1704	78.703133
1.1702	77.660172
1.17	76.684776
1.1698	75.57016
1.1696	74.351288
1.1694	73.191032
1.1692	71.861259
1.169	70.634346
1.1688	69.27034
1.1686	67.237045
1.1684	65.537064
1.1682	63.983704
1.168	62.048622
1.1678	60.52541
1.1676	58.7747
1.1674	56.795414
1.1672	55.14175
1.167	53.094788
1.1668	51.092571
1.1666	49.05545
1.1664	47.32093
1.1662	45.798004
1.166	43.718594
1.1658	42.126038
1.1656	40.419964
1.1654	38.605194
1.1652	37.237461
1.165	35.405731
1.1648	33.812408
1.1646	32.326569
1.1644	30.681515
1.1642	29.373213
1.164	28.095148
1.1638	26.872559
1.1636	25.480417
1.1634	24.169191
1.1632	23.065617
1.163	21.962982
1.1628	21.039391
1.1626	20.092525
1.1624	19.054049
1.1622	18.251463
1.162	17.497803
1.1618	16.526613
1.1616	15.779352
1.1614	15.020177
1.1612	14.193005
1.161	13.652665
1.1608	13.016462
1.1606	12.314651
1.1604	11.868325
1.1602	11.347328
1.16	10.716475
1.1598	10.281082
1.1596	9.837428
1.1594	9.278342
1.1592	8.898826
1.159	8.580698
1.1588	8.08897
1.1586	7.763616
1.1584	7.513432
1.1582	7.111819
1.158	6.871273
1.1578	6.589178
1.1576	6.208345
1.1574	5.941131
1.1572	5.664714
1.157	5.46208
1.1568	5.23972
1.1566	4.97364
1.1564	4.782042
1.1562	4.607874
1.156	4.411699
1.1558	4.217084
1.1556	4.093982
1.1554	3.949167
1.1552	3.730607
1.155	3.600071
1.1548	3.509067
1.1546	3.36956
1.1544	3.230538
1.1542	3.082937
1.154	2.95612
1.1538	2.822521
1.1536	2.660589
1.1534	2.570178
1.1532	2.501863
1.153	2.470026
1.1528	2.356996
1.1526	2.170026
1.1524	2.121522
1.1522	2.066543
1.152	1.968637
1.1518	1.873892
1.1516	1.805534
1.1514	1.756174
1.1512	1.703408
1.151	1.624557
1.1508	1.566427
1.1506	1.532224
1.1504	1.441945
1.1502	1.341038
1.15	1.342004
1.1498	1.318444
1.1496	1.175036
1.1494	1.121205
1.1492	1.124111
1.149	1.066974
1.1488	1.037368
1.1486	1.003656
1.1484	1.000892
1.1482	0.944953
1.148	0.855456
1.1478	0.879297
1.1476	0.858651
1.1474	0.813243
1.1472	0.814734
1.147	0.714657
1.1468	0.64612
1.1466	0.634462
1.1464	0.625539
1.1462	0.616102
1.146	0.559765
1.1458	0.616731
1.1456	0.59621
1.1454	0.50558
1.1452	0.496451
1.145	0.48386
1.1448	0.414832
1.1446	0.441045
1.1444	0.476042
1.1442	0.383214
1.144	0.395081
1.1438	0.406488
1.1436	0.362026
1.1434	0.316357
1.1432	0.327311
1.143	0.29479
1.1428	0.247374
1.1426	0.272202
1.1424	0.250271
1.1422	0.271569
1.142	0.329636
1.1418	0.318968
1.1416	0.285604
1.1414	0.264291
1.1412	0.285808
1.141	0.207602
1.1408	0.11845
1.1406	0.185999
1.1404	0.207758
1.1402	0.17552
1.14	0.118488
1.1398	0.120175
1.1396	0.130956
1.1394	0.1633
1.1392	0.175763
1.139	0.189226
1.1388	0.189022
1.1386	0.143089
1.1384	0.120036
1.1382	0.05379
1.138	0.098365
1.1378	0.178295
1.1376	0.155293
1.1374	0.083028
1.1372	0.095195
1.137	0.153457
1.1368	0.142802
1.1366	0.145995
1.1364	0.155178
1.1362	0.16889
1.136	0.124435
1.1358	0.039986
1.1356	0.099979
1.1354	0.121564
1.1352	0.055425
1.135	0.08009
1.1348	0.089455
1.1346	0.098721
1.1344	0.064709
1.1342	0.009252
1.134	0.00925
1.1338	0.009242
1.1336	0.009244
1.1334	0.018489
1.1332	0.064727
1.133	0.100042
1.1328	0.112149
1.1326	0.043002
1.1324	0.030714
1.1322	0.066001
1.132	0.019963
1.1318	0.009221
1.1316	0.019988
1.1314	0.021497
1.1312	0.033742
1.131	0.044496
1.1308	0.044548
1.1306	-0.003078
1.1304	0.021534
1.1302	0.033849
1.13	-0.046235
1.1298	-0.024633
1.1296	0.021541
1.1294	0.044606
1.1292	0.033849
1.129	0.009238
1.1288	0.067746
1.1286	0.092429
1.1284	0.067749
1.1282	0.007698
1.128	-0.003075
1.1278	0.059849
1.1276	0.083023
1.1274	0.070781
1.1272	0.009226
1.127	0
1.1268	0.047712
1.1266	0.035352
1.1264	-0.001535
1.1262	0.058348
1.126	0.012282
1.1258	-0.072206
1.1256	-0.001537
1.1254	0.093699
1.1252	0.116712
1.125	0.046081
1.1248	0.023045
1.1246	-0.024603
1.1244	-0.024626
1.1242	0.061515
1.124	0.023088
1.1238	0.04615
1.1236	0.081383
1.1234	-0.043028
1.1232	-0.076774
1.123	-0.050664
1.1228	-0.015365
1.1226	0.023046
1.1224	0.012307
1.1222	0.086186
1.122	0.073806
1.1218	-0.023056
1.1216	0.012316
1.1214	0.024661
1.1212	0.050809
1.121	0.110888
1.1208	0.110775
1.1206	0.026104
1.1204	-0.02458
1.1202	0.009209
1.12	0.035305
1.1198	0.02611
1.1196	0
1.1194	0.021461
1.1192	-0.016878
1.119	-0.01227
1.1188	0.036762
1.1186	-0.001533
1.1184	-0.055271
1.1182	-0.03072
1.118	-0.001535
1.1178	0.001534
1.1176	0.049064
1.1174	0.04758
1.1172	0.024562
1.117	0.003069
1.1168	-0.035333
1.1166	0.038388
1.1164	0.101243
1.1162	0.063008
1.116	-0.001538
1.1158	-0.001536
1.1156	0.052243
1.1154	0.067636
1.1152	0.055307
1.115	0.090638
1.1148	0.101468
1.1146	0.035353
1.1144	-0.003073
1.1142	0.010751
1.114	0.036833
1.1138	0.076765
1.1136	0.03231
1.1134	-0.001537
1.1132	0.001535
1.113	-0.052221
1.1128	0
1.1126	0.036772
1.1124	0.065923
1.1122	0.108837
1.112	0.029166
1.1118	-0.001537
1.1116	-0.041488
1.1114	-0.029224
1.1112	-0.027682
1.111	-0.001534
1.1108	0.076674
1.1106	0.036894
1.1104	0.023087
1.1102	0.049252
1.11	0.049185
1.1098	0.023058
1.1096	0.036922
1.1094	0.040035
1.1092	-0.029291
1.109	-0.030836
1.1088	0.023144
1.1086	0.063174
1.1084	0.053775
1.1082	0.0123
1.108	-0.046115
1.1078	-0.044442
1.1076	0.067425
1.1074	0.026068
1.1072	0.082691
1.107	0.079692
1.1068	-0.030664
1.1066	0.029093
1.1064	0
1.1062	-0.003069
1.106	0.065911
1.1058	0.104396
1.1056	0.104586
1.1054	0.118283
1.1052	0.078324
1.105	-0.001536
1.1048	-0.04299
1.1046	-0.043019
1.1044	0.012308
1.1042	0.010775
1.104	-0.070851
1.1038	-0.039995
1.1036	0.069052
1.1034	0.081459
1.1032	-0.001538
1.103	0
1.1028	0.083137
1.1026	0.043125
1.1024	0.015391
1.1022	0.023092
1.102	-0.016944
1.1018	0.003072
1.1016	0.041436
1.1014	0.052232
1.1012	0.066005
1.101	0.08288
1.1008	0.069097
1.1006	0.055171
1.1004	0.041422
1.1002	0.012291
1.1	-0.030726
1.0998	-0.058491
1.0996	-0.00154
1.0994	0.055343
1.0992	0.039974
1.099	-0.043039
1.0988	-0.042977
1.0986	0.01228
1.0984	-0.016896
1.0982	-0.016919
1.098	0.012312
1.0978	-0.057007
1.0976	-0.083155
1.0974	-0.04148
1.0972	-0.047673
1.097	-0.018449
1.0968	0.001537
1.0966	-0.029204
1.0964	-0.013847
1.0962	0.001541
1.096	0.001539
1.0958	-0.027688
1.0956	0.026136
1.0954	0.07064
1.0952	-0.052199
1.095	-0.041483
1.0948	0.056813
1.0946	0.015361
1.0944	-0.043052
1.0942	-0.013826
1.094	0.044481
1.0938	-0.053718
1.0936	-0.139865
1.0934	-0.05682
1.0932	-0.029182
1.093	-0.013848
1.0928	0.026143
1.0926	0.029155
1.0924	0.015334
1.0922	0.001532
1.092	0.030685
1.0918	0.067565
1.0916	0.02152
1.0914	0.03535
1.0912	0.127323
1.091	0.030698
1.0908	-0.043033
1.0906	0.050778
1.0904	0.066133
1.0902	0.026135
1.09	0.040013
1.0898	0.069254
1.0896	0.124306
1.0894	0.027637
1.0892	-0.069197
1.089	-0.030702
1.0888	0.009218
1.0886	0.083
1.0884	0.070583
1.0882	0.012278
1.088	-0.041461
1.0878	-0.001534
1.0876	0.095081
1.0874	0.082905
1.0872	0.098116
1.087	0.084407
1.0868	0.095291
1.0866	0.109001
1.0864	0.038377
1.0862	0.082838
1.086	0.096613
1.0858	0.038399
1.0856	-0.041472
1.0854	-0.013808
1.0852	0.079821
1.085	0.065961
1.0848	0.027571
1.0846	-0.039866
1.0844	-0.041487
1.0842	-0.018436
1.084	0.012287
1.0838	0.058446
1.0836	-0.013858
1.0834	-0.027687
1.0832	0.070635
1.083	0.056764
1.0828	-0.027647
1.0826	-0.055408
1.0824	0.001538
1.0822	0.029217
1.082	0
1.0818	0.041515
1.0816	0.029199
1.0814	-0.009227
1.0812	0.003073
1.081	0.013842
1.0808	-0.012322
1.0806	-0.107742
1.0804	-0.083127
1.0802	0.027716
1.08	0.04148
1.0798	0.038409
1.0796	0.053855
1.0794	-0.02615
1.0792	-0.093767
1.079	-0.041448
1.0788	-0.012268
1.0786	-0.01381
1.0784	0.012296
1.0782	-0.029223
1.078	-0.047684
1.0778	-0.01846
1.0776	-0.056893
1.0774	-0.015384
1.0772	0.08002
1.077	0.053799
1.0768	0.026092
1.0766	0
1.0764	0.003075
1.0762	0.029179
1.076	0.026113
1.0758	0.038484
1.0756	0.02616
1.0754	0.026145
1.0752	-0.029223
1.075	-0.055312
1.0748	-0.02922
1.0746	-0.00154
1.0744	0.055317
1.0742	0.056815
1.074	0.043031
1.0738	0.095055
1.0736	0.091931
1.0734	-0.001536
1.0732	-0.001535
1.073	0.026095
1.0728	-0.016897
1.0726	-0.029152
1.0724	-0.039855
1.0722	-0.068994
1.072	-0.032215
1.0718	-0.001535
1.0716	-0.041507
1.0714	-0.056889
1.0712	-0.058407
1.071	0.015358
1.0708	0.070592
1.0706	0.026134
1.0704	0.041499
1.0702	0.027678
1.07	-0.001539
1.0698	0.012299
1.0696	0.053731
1.0694	0.093601
1.0692	0.079794
1.069	0.108855
1.0688	0.095221
1.0686	0.039917
1.0684	0.003069
1.0682	0.029165
1.068	0.064485
1.0678	-0.047633
1.0676	-0.046096
1.0674	0.012294
1.0672	-0.04307
1.067	0.069182
1.0668	0.127425
1.0666	0.001536
1.0664	-0.081458
1.0662	0.015365
1.066	0.079821
1.0658	-0.089226
1.0656	-0.138716
1.0654	-0.053796
1.0652	-0.029181
1.065	-0.013834
1.0648	0.003073
1.0646	0.053817
1.0644	0.026157
1.0642	0
1.064	0.081448
1.0638	0.053812
1.0636	-0.013828
1.0634	-0.070548
1.0632	-0.086018
1.063	-0.015391
1.0628	0.013825
1.0626	-0.027676
1.0624	-0.029244
1.0622	-0.044548
1.062	-0.085995
1.0618	-0.043028
1.0616	-0.043
1.0614	-0.015373
1.0612	0.013852
1.061	-0.056889
1.0608	-0.101543
1.0606	-0.087732
1.0604	-0.015361
1.0602	0.082954
1.06	0.055439
1.0598	-0.00154
1.0596	0.01078
1.0594	0.00924
1.0592	0.029215
1.059	0.07074
1.0588	0.013857
1.0586	-0.055375
1.0584	-0.055424
1.0582	-0.08307
1.058	-0.024594
1.0578	-0.040046
1.0576	-0.030778
1.0574	-0.015372
1.0572	-0.030741
1.057	-0.016933
1.0568	-0.027679
1.0566	0.015348
1.0564	0.053726
1.0562	0.042984
1.056	0.030648
1.0558	0.012264
1.0556	-0.06147
1.0554	-0.061519
1.0552	-0.060038
1.055	-0.056942
1.0548	0.01538
1.0546	0.058496
1.0544	0.055415
1.0542	0.084525
1.054	0.115294
1.0538	0.129141
1.0536	0.024604
1.0534	-0.063072
1.0532	0.072164
1.053	0.069071
1.0528	-0.035338
1.0526	-0.021495
1.0524	-0.015337
1.0522	-0.013832
1.052	-0.030744
1.0518	-0.069106
1.0516	-0.010744
1.0514	0.030661
1.0512	-0.046005
1.051	-0.059747
1.0508	-0.012275
1.0506	0.013832
1.0504	0.029168
1.0502	-0.058302
1.05	-0.075143
1.0498	-0.044509
1.0496	0
1.0494	0.041501
1.0492	0.041465
1.049	-0.006151
1.0488	-0.03383
1.0486	-0.015369
1.0484	-0.075406
1.0482	-0.104452
1.048	-0.056736
1.0478	-0.012297
1.0476	0
1.0474	0.086217
1.0472	0.086277
1.047	0.041543
1.0468	0.070687
1.0466	0.043025
1.0464	0.033809
1.0462	-0.030762
1.046	-0.035422
1.0458	0.086221
1.0456	-0.001539
1.0454	-0.044586
1.0452	0.076826
1.045	0.001535
1.0448	-0.076785
1.0446	-0.03382
1.0444	0.012294
1.0442	0.056837
1.044	-0.049205
1.0438	-0.076731
1.0436	-0.059858
1.0434	-0.133757
1.0432	-0.104656
1.043	-0.030754
1.0428	0
1.0426	-0.058423
1.0424	-0.072277
1.0422	-0.013824
1.042	0.047531
1.0418	0.016902
1.0416	-0.015382
1.0414	0.029197
1.0412	0.026178
1.041	-0.044635
1.0408	-0.043022
1.0406	0
1.0404	-0.032224
1.0402	0.027638
1.04	0.013831
1.0398	-0.049186
1.0396	0.012308
1.0394	0.029264
1.0392	0
1.039	0
1.0388	0.044541
1.0386	0.044514
1.0384	0.02915
1.0382	0.110461
1.038	0.083008
1.0378	0.033809
1.0376	0.092099
1.0374	0
1.0372	-0.105911
1.037	-0.030696
1.0368	0.012293
1.0366	-0.015352
1.0364	-0.01381
1.0362	0.013821
1.036	-0.050712
1.0358	-0.066098
1.0356	-0.035363
1.0354	-0.033793
1.0352	-0.029242
1.035	-0.124946
1.0348	-0.095523
1.0346	0.061579
1.0344	0.12314
1.0342	-0.021559
1.034	-0.067699
1.0338	0.044633
1.0336	0.060032
1.0334	0.089153
1.0332	0.089139
1.033	-0.003076
1.0328	0.012284
1.0326	0.045963
1.0324	0.015293
1.0322	0.015282
1.032	-0.015309
1.0318	-0.062944
1.0316	-0.016888
1.0314	-0.019947
1.0312	-0.079914
1.031	0
1.0308	0.044571
1.0306	-0.030766
1.0304	-0.063066
1.0302	0.012316
1.03	0.012321
1.0298	-0.047767
1.0296	-0.04621
1.0294	-0.029207
1.0292	0.003071
1.029	0.018442
1.0288	-0.0169
1.0286	-0.021517
1.0284	0.043109
1.0282	0.078369
1.028	0.047539
1.0278	0.046042
1.0276	0.04603
1.0274	-0.015331
1.0272	-0.027626
1.027	-0.046095
1.0268	-0.061458
1.0266	-0.046023
1.0264	0.01685
1.0262	0.015319
1.026	-0.045966
1.0258	0.001534
1.0256	0.047545
1.0254	0.016864
1.0252	0.064531
1.025	0.125858
1.0248	0.062762
1.0246	0.050579
1.0244	0.033747
1.0242	0.02916
1.024	0.032256
1.0238	0.032276
1.0236	0.126131
1.0234	0.064647
1.0232	-0.066192
1.023	0.043057
1.0228	0.15845
1.0226	0.079991
1.0224	-0.049336
1.0222	-0.033962
1.022	-0.003081
1.0218	-0.020024
1.0216	-0.003079
1.0214	0.113714
1.0212	0.08305
1.021	-0.032359
1.0208	-0.084795
1.0206	-0.087766
1.0204	-0.006149
1.0202	-0.019979
1.02	-0.062925
1.0198	-0.062873
1.0196	0.065916
1.0194	0.131722
1.0192	0.082761
1.019	0.013817
1.0188	-0.001534
1.0186	0.016857
1.0184	0.015342
1.0182	-0.004605
1.018	0.012282
1.0178	0.030739
1.0176	-0.116958
1.0174	-0.08315
1.0172	-0.086199
1.017	-0.132362
1.0168	-0.097061
1.0166	-0.033863
1.0164	0.066124
1.0162	0.080079
1.016	0.064689
1.0158	-0.050851
1.0156	-0.03236
1.0154	0
1.0152	0.013841
1.015	0.029244
1.0148	0
1.0146	0.004611
1.0144	-0.01539
1.0142	0.015368
1.014	0.015337
1.0138	0.021468
1.0136	0.056695
1.0134	0.068938
1.0132	0.102752
1.013	0.003071
1.0128	0.01843
1.0126	0.084391
1.0124	0.016891
1.0122	-0.019979
1.012	-0.089133
1.0118	-0.119917
1.0116	-0.016911
1.0114	0.01846
1.0112	-0.053905
1.011	-0.075374
1.0108	0.013821
1.0106	0.066083
1.0104	0
1.0102	-0.052289
1.01	-0.035442
1.0098	-0.08929
1.0096	-0.072234
1.0094	-0.039947
1.0092	-0.055305
1.009	-0.018431
1.0088	-0.055322
1.0086	-0.036918
1.0084	0.090593
1.0082	0.055267
1.008	0.015374
1.0078	0.084451
1.0076	0.015359
1.0074	-0.036895
1.0072	0.018442
1.007	0.036852
1.0068	-0.016899
1.0066	-0.13095
1.0064	-0.041602
1.0062	0.05074
1.006	-0.004611
1.0058	0.053898
1.0056	0.109266
1.0054	0.053797
1.0052	-0.036966
1.005	-0.001539
1.0048	-0.12923
1.0046	-0.167796
1.0044	0.01688
1.0042	0.108967
1.004	0.090795
1.0038	-0.020011
1.0036	-0.149227
1.0034	-0.130872
1.0032	-0.053869
1.003	0
1.0028	0.144502
1.0026	0.109152
1.0024	-0.018448
1.0022	0.016931
1.002	0.035367
1.0018	-0.021515
1.0016	-0.059961
1.0014	-0.021519
1.0012	0.01842
1.001	0.095117
1.0008	0.092054
1.0006	-0.018417
1.0004	0.018404
1.0002	0.016851
1	-0.061321
