# Relative Spectral Response per erg (Equal-Energy); Jarrett et al. 2011
#  W4     RSR     uncertainty (parts per thousand)
  2.53  0.27593E-16   348
  2.54  0.60206E-16   349
  2.55  0.73230E-13   370
  2.56  0.39856E-13   370
  2.57  0.30518E-14   371
  2.58  0.12528E-32  1000
  2.59  0.58995E-42  1000
  2.60  0.22768E-30   707
  2.61  0.12592E-30  1000
  2.62  0.12959E-30  1000
  2.63  0.89289E-29   707
  2.64  0.73471E-31   707
  2.65  0.11143E-28   707
  2.66  0.93083E-36   707
  2.67  0.98091E-15   343
  2.68  0.13385E-14   342
  2.69  0.50230E-14   341
  2.70  0.50542E-14   342
  2.71  0.36992E-14   341
  2.72  0.82687E-14   341
  2.73  0.44004E-13   339
  2.74  0.30408E-14   339
  2.75  0.59658E-15   338
  2.76  0.21427E-24   707
  2.77  0.21962E-15   338
  2.78  0.43052E-14   336
  2.79  0.35064E-15   337
  2.80  0.49842E-15   336
  2.81  0.89274E-16   337
  2.82  0.25116E-14   337
  2.83  0.26409E-14   335
  2.84  0.20465E-13   335
  2.85  0.77274E-14   334
  2.86  0.25308E-28   707
  2.87  0.16971E-28   707
  2.88  0.30674E-31   707
  2.89  0.10082E-14   332
  2.90  0.50899E-14   332
  2.91  0.37311E-13   332
  2.92  0.51614E-15   332
  2.93  0.33602E-13   330
  2.94  0.29335E-13   330
  2.95  0.45850E-13   330
  2.96  0.53151E-14   330
  2.97  0.36184E-14   330
  2.98  0.32681E-15   329
  2.99  0.33857E-14   328
  3.00  0.21454E-13   328
  3.01  0.49314E-14   327
  3.02  0.11965E-12   327
  3.03  0.55163E-13   326
  3.04  0.60931E-14   326
  3.05  0.29868E-13   325
  3.06  0.21864E-33   707
  3.07  0.37288E-26   707
  3.08  0.11953E-24   707
  3.09  0.82337E-25  1000
  3.10  0.36773E-29  1000
  3.11  0.21660E-27  1000
  3.12  0.54858E-29  1000
  3.13  0.26469E-36   707
  3.14  0.54720E-30   707
  3.15  0.40884E-15   321
  3.16  0.72884E-14   321
  3.17  0.17886E-13   321
  3.18  0.19621E-13   320
  3.19  0.15818E-14   319
  3.20  0.24170E-14   319
  3.21  0.31579E-15   318
  3.22  0.75621E-13   336
  3.23  0.56892E-14   319
  3.24  0.71550E-13   335
  3.25  0.16232E-12   335
  3.26  0.97630E-14   316
  3.27  0.36509E-13   316
  3.28  0.54402E-14   317
  3.29  0.84182E-14   317
  3.30  0.14107E-12   332
  3.31  0.44760E-14   315
  3.32  0.68611E-13   333
  3.33  0.39813E-29   707
  3.34  0.56801E-34   707
  3.35  0.11394E-31   707
  3.36  0.98689E-40  1000
  3.37  0.14092E-28   707
  3.38  0.54218E-36  1000
  3.39  0.21281E-37  1000
  3.40  0.16600E-34  1000
  3.41  0.50318E-32   707
  3.42  0.17875E-33   707
  3.43  0.53417E-30   707
  3.44  0.52298E-15   311
  3.45  0.16446E-14   311
  3.46  0.47607E-15   310
  3.47  0.31019E-15   310
  3.48  0.29792E-26   707
  3.49  0.12289E-32   707
  3.50  0.16505E-27   707
  3.51  0.29584E-26   707
  3.52  0.91657E-29   707
  3.53  0.43985E-23   707
  3.54  0.83633E-30   707
  3.55  0.30203E-25   707
  3.56  0.70910E-32   707
  3.57  0.75279E-15   305
  3.58  0.21554E-13   305
  3.59  0.20127E-14   304
  3.60  0.10877E-12   304
  3.61  0.18946E-13   303
  3.62  0.47091E-13   303
  3.63  0.24880E-13   302
  3.64  0.16224E-13   302
  3.65  0.64176E-13   301
  3.66  0.20309E-13   300
  3.67  0.38825E-13   300
  3.68  0.20466E-12   299
  3.69  0.37796E-13   299
  3.70  0.21914E-14   298
  3.71  0.12682E-13   298
  3.72  0.46828E-14   298
  3.73  0.21139E-13   296
  3.74  0.11672E-13   297
  3.75  0.46604E-14   297
  3.76  0.41072E-14   296
  3.77  0.21207E-13   295
  3.78  0.74174E-14   296
  3.79  0.24064E-13   294
  3.80  0.16103E-12   294
  3.81  0.58297E-13   294
  3.82  0.51370E-13   292
  3.83  0.26811E-14   293
  3.84  0.62254E-13   292
  3.85  0.14090E-12   292
  3.86  0.25843E-13   291
  3.87  0.58715E-13   290
  3.88  0.13366E-12   290
  3.89  0.46551E-13   290
  3.90  0.91470E-13   290
  3.91  0.38356E-13   289
  3.92  0.51940E-13   288
  3.93  0.49208E-13   288
  3.94  0.14315E-12   287
  3.95  0.41037E-13   287
  3.96  0.70490E-13   286
  3.97  0.52528E-13   286
  3.98  0.28022E-13   286
  3.99  0.76430E-13   286
  4.00  0.14670E-25   707
  4.01  0.30294E-32   707
  4.02  0.42146E-30   707
  4.03  0.98347E-36   707
  4.04  0.11759E-24  1000
  4.05  0.66983E-36   707
  4.06  0.20657E-24   707
  4.07  0.74794E-30  1000
  4.08  0.10643E-32   707
  4.09  0.40880E-29   707
  4.10  0.60346E-29   707
  4.11  0.53401E-31   707
  4.12  0.20455E-12   294
  4.13  0.14928E-13   281
  4.14  0.35100E-12   292
  4.15  0.88802E-14   280
  4.16  0.21140E-12   280
  4.17  0.49557E-12   291
  4.18  0.92959E-12   290
  4.19  0.90702E-12   290
  4.20  0.19780E-13   278
  4.21  0.21361E-13   278
  4.22  0.35417E-12   289
  4.23  0.79513E-30   707
  4.24  0.12328E-32   707
  4.25  0.10736E-27  1000
  4.26  0.41232E-27   707
  4.27  0.18580E-25   707
  4.28  0.97783E-30   707
  4.29  0.92666E-27   707
  4.30  0.13628E-27  1000
  4.31  0.39615E-24   707
  4.32  0.80733E-27   707
  4.33  0.14512E-35   707
  4.34  0.95571E-36  1000
  4.35  0.54508E-13   285
  4.36  0.12372E-12   284
  4.37  0.34457E-12   283
  4.38  0.23690E-13   272
  4.39  0.20955E-12   282
  4.40  0.26971E-12   282
  4.41  0.81522E-13   270
  4.42  0.71176E-12   282
  4.43  0.36531E-13   271
  4.44  0.19824E-12   270
  4.45  0.26356E-12   271
  4.46  0.11509E-12   270
  4.47  0.76923E-13   269
  4.48  0.22905E-13   268
  4.49  0.43689E-13   268
  4.50  0.36211E-13   268
  4.51  0.20966E-13   267
  4.52  0.45192E-14   267
  4.53  0.28664E-28   707
  4.54  0.82229E-32   707
  4.55  0.12209E-14   267
  4.56  0.38824E-13   266
  4.57  0.13885E-12   266
  4.58  0.15849E-12   266
  4.59  0.15490E-12   266
  4.60  0.33541E-12   265
  4.61  0.30505E-12   265
  4.62  0.94686E-12   264
  4.63  0.32202E-12   265
  4.64  0.87581E-12   264
  4.65  0.66117E-13   263
  4.66  0.68073E-14   263
  4.67  0.69470E-13   262
  4.68  0.37710E-12   262
  4.69  0.29698E-12   261
  4.70  0.37989E-12   261
  4.71  0.29810E-12   261
  4.72  0.12562E-12   262
  4.73  0.13827E-12   261
  4.74  0.37507E-13   261
  4.75  0.51693E-13   260
  4.76  0.23433E-11   268
  4.77  0.34305E-13   260
  4.78  0.51484E-13   258
  4.79  0.62692E-13   258
  4.80  0.54308E-13   258
  4.81  0.38765E-13   258
  4.82  0.12866E-12   258
  4.83  0.39212E-12   266
  4.84  0.16666E-13   257
  4.85  0.29608E-11   266
  4.86  0.26574E-11   266
  4.87  0.24907E-11   265
  4.88  0.38045E-11   265
  4.89  0.29213E-12   255
  4.90  0.50113E-13   255
  4.91  0.80289E-13   254
  4.92  0.74867E-13   255
  4.93  0.34980E-12   254
  4.94  0.21403E-12   253
  4.95  0.58202E-11   261
  4.96  0.57926E-12   253
  4.97  0.15612E-10   261
  4.98  0.94929E-11   260
  4.99  0.52984E-11   261
  5.00  0.10497E-10   259
  5.01  0.33784E-08    76
  5.02  0.24157E-08    73
  5.03  0.42998E-08    71
  5.04  0.42165E-08    71
  5.05  0.65686E-08    71
  5.06  0.81481E-08    71
  5.07  0.76187E-08    71
  5.08  0.95332E-08    72
  5.09  0.10131E-07    72
  5.10  0.14074E-07    72
  5.11  0.14643E-07    71
  5.12  0.14823E-07    71
  5.13  0.16314E-07    71
  5.14  0.12984E-07    71
  5.15  0.16450E-07    71
  5.16  0.15670E-07    71
  5.17  0.11506E-07    70
  5.18  0.11326E-07    70
  5.19  0.15317E-07    70
  5.20  0.14391E-07    70
  5.21  0.14394E-07    70
  5.22  0.97471E-08    70
  5.23  0.12136E-07    70
  5.24  0.88297E-08    70
  5.25  0.83805E-08    69
  5.26  0.85276E-08    69
  5.27  0.74391E-08    70
  5.28  0.79252E-08    70
  5.29  0.44059E-08    70
  5.30  0.44836E-08    70
  5.31  0.21799E-08    70
  5.32  0.30547E-08    70
  5.33  0.43687E-08    69
  5.34  0.58364E-08    69
  5.35  0.71579E-08    69
  5.36  0.59826E-08    69
  5.37  0.10052E-07    69
  5.38  0.89148E-08    69
  5.39  0.10795E-07    69
  5.40  0.14927E-07    70
  5.41  0.16741E-07    69
  5.42  0.18215E-07    69
  5.43  0.18951E-07    69
  5.44  0.23366E-07    70
  5.45  0.23222E-07    70
  5.46  0.26377E-07    70
  5.47  0.31025E-07    70
  5.48  0.33472E-07    70
  5.49  0.33233E-07    70
  5.50  0.34382E-07    71
  5.51  0.33964E-07    70
  5.52  0.35349E-07    71
  5.53  0.35973E-07    71
  5.54  0.36228E-07    71
  5.55  0.35628E-07    71
  5.56  0.34203E-07    71
  5.57  0.33978E-07    71
  5.58  0.32735E-07    72
  5.59  0.30992E-07    72
  5.60  0.27794E-07    73
  5.61  0.24611E-07    74
  5.62  0.21242E-07    75
  5.63  0.18351E-07    77
  5.64  0.17321E-07    79
  5.65  0.18777E-07    78
  5.66  0.19621E-07    78
  5.67  0.20442E-07    77
  5.68  0.20938E-07    76
  5.69  0.28941E-07    75
  5.70  0.41642E-07    74
  5.71  0.54164E-07    74
  5.72  0.67755E-07    73
  5.73  0.84516E-07    72
  5.74  0.99494E-07    71
  5.75  0.12617E-06    72
  5.76  0.14299E-06    71
  5.77  0.16894E-06    71
  5.78  0.19065E-06    71
  5.79  0.20270E-06    71
  5.80  0.22121E-06    71
  5.81  0.24819E-06    71
  5.82  0.26775E-06    71
  5.83  0.28319E-06    71
  5.84  0.28558E-06    71
  5.85  0.30056E-06    71
  5.86  0.30016E-06    71
  5.87  0.29802E-06    71
  5.88  0.30503E-06    71
  5.89  0.32765E-06    71
  5.90  0.31489E-06    71
  5.91  0.30327E-06    72
  5.92  0.28848E-06    72
  5.93  0.28139E-06    72
  5.94  0.26975E-06    72
  5.95  0.26159E-06    72
  5.96  0.24690E-06    72
  5.97  0.22676E-06    72
  5.98  0.20740E-06    72
  5.99  0.18937E-06    72
  6.00  0.18034E-06    71
  6.01  0.16361E-06    72
  6.02  0.14700E-06    71
  6.03  0.13110E-06    71
  6.04  0.11335E-06    71
  6.05  0.97047E-07    71
  6.06  0.78964E-07    71
  6.07  0.70596E-07    71
  6.08  0.60903E-07    71
  6.09  0.49897E-07    72
  6.10  0.40669E-07    72
  6.11  0.31744E-07    72
  6.12  0.30108E-07    72
  6.13  0.33671E-07    73
  6.14  0.39473E-07    74
  6.15  0.47668E-07    76
  6.16  0.57262E-07    80
  6.17  0.69290E-07    86
  6.18  0.10279E-06   102
  6.19  0.15010E-06   127
  6.20  0.22044E-06   159
  6.21  0.33104E-06   214
  6.22  0.70539E-06   261
  6.23  0.61057E-06   310
  6.24  0.79619E-06   291
  6.25  0.10697E-05   279
  6.26  0.92587E-06   304
  6.27  0.19910E-05   321
  6.28  0.17438E-05   357
  6.29  0.96381E-06   443
  6.30  0.73242E-06   544
  6.31  0.25520E-06    75
  6.32  0.25207E-06    75
  6.33  0.23028E-06    75
  6.34  0.22137E-06    75
  6.35  0.19670E-06    75
  6.36  0.17244E-06    75
  6.37  0.14375E-06    75
  6.38  0.11794E-06    75
  6.39  0.10170E-06    76
  6.40  0.80076E-07    76
  6.41  0.66225E-07    76
  6.42  0.56990E-07    77
  6.43  0.57870E-07    77
  6.44  0.71610E-07    77
  6.45  0.93287E-07    76
  6.46  0.11851E-06    76
  6.47  0.13643E-06    77
  6.48  0.16207E-06    77
  6.49  0.18880E-06    77
  6.50  0.22665E-06    77
  6.51  0.25478E-06    77
  6.52  0.29050E-06    77
  6.53  0.32532E-06    78
  6.54  0.36381E-06    78
  6.55  0.40650E-06    78
  6.56  0.42019E-06    79
  6.57  0.45880E-06    80
  6.58  0.49966E-06    80
  6.59  0.57832E-06    80
  6.60  0.64755E-06    81
  6.61  0.71462E-06    81
  6.62  0.75075E-06    81
  6.63  0.86484E-06    82
  6.64  0.93998E-06    81
  6.65  0.10289E-05    81
  6.66  0.11015E-05    82
  6.67  0.11759E-05    82
  6.68  0.12505E-05    81
  6.69  0.12377E-05    81
  6.70  0.12479E-05    81
  6.71  0.12634E-05    81
  6.72  0.12171E-05    82
  6.73  0.11435E-05    82
  6.74  0.10549E-05    82
  6.75  0.89416E-06    83
  6.76  0.77021E-06    83
  6.77  0.69396E-06    83
  6.78  0.57282E-06    83
  6.79  0.54955E-06    84
  6.80  0.59770E-06    84
  6.81  0.72245E-06    83
  6.82  0.85755E-06    83
  6.83  0.10076E-05    83
  6.84  0.11121E-05    83
  6.85  0.12801E-05    83
  6.86  0.14497E-05    83
  6.87  0.16123E-05    83
  6.88  0.18011E-05    83
  6.89  0.20473E-05    82
  6.90  0.23888E-05    82
  6.91  0.25816E-05    82
  6.92  0.28171E-05    82
  6.93  0.31169E-05    81
  6.94  0.31538E-05    81
  6.95  0.32904E-05    81
  6.96  0.33775E-05    81
  6.97  0.34486E-05    80
  6.98  0.36068E-05    80
  6.99  0.34944E-05    80
  7.00  0.35223E-05    80
  7.01  0.36528E-05    80
  7.02  0.36384E-05    80
  7.03  0.35549E-05    80
  7.04  0.34339E-05    80
  7.05  0.32049E-05    80
  7.06  0.30709E-05    79
  7.07  0.30730E-05    79
  7.08  0.28679E-05    79
  7.09  0.28830E-05    79
  7.10  0.27842E-05    78
  7.11  0.26276E-05    78
  7.12  0.26146E-05    78
  7.13  0.24173E-05    78
  7.14  0.22984E-05    78
  7.15  0.21658E-05    78
  7.16  0.20718E-05    78
  7.17  0.18737E-05    78
  7.18  0.17880E-05    78
  7.19  0.16225E-05    78
  7.20  0.15194E-05    78
  7.21  0.13946E-05    77
  7.22  0.12458E-05    78
  7.23  0.11789E-05    77
  7.24  0.10496E-05    77
  7.25  0.99303E-06    77
  7.26  0.90225E-06    76
  7.27  0.80873E-06    76
  7.28  0.74748E-06    76
  7.29  0.67381E-06    76
  7.30  0.61266E-06    76
  7.31  0.55407E-06    75
  7.32  0.49555E-06    75
  7.33  0.43242E-06    75
  7.34  0.36785E-06    75
  7.35  0.30116E-06    75
  7.36  0.24128E-06    75
  7.37  0.18364E-06    75
  7.38  0.13102E-06    74
  7.39  0.12855E-06    74
  7.40  0.15500E-06    74
  7.41  0.19664E-06    73
  7.42  0.24706E-06    74
  7.43  0.31369E-06    73
  7.44  0.36348E-06    74
  7.45  0.41432E-06    74
  7.46  0.43857E-06    74
  7.47  0.45813E-06    74
  7.48  0.45478E-06    74
  7.49  0.46600E-06    73
  7.50  0.45039E-06    73
  7.51  0.42128E-06    74
  7.52  0.41025E-06    73
  7.53  0.37948E-06    73
  7.54  0.34969E-06    73
  7.55  0.31641E-06    73
  7.56  0.27397E-06    73
  7.57  0.24486E-06    73
  7.58  0.20458E-06    73
  7.59  0.17920E-06    73
  7.60  0.14250E-06    73
  7.61  0.12859E-06    72
  7.62  0.10734E-06    73
  7.63  0.99244E-07    73
  7.64  0.98339E-07    73
  7.65  0.98622E-07    73
  7.66  0.97093E-07    73
  7.67  0.99346E-07    73
  7.68  0.10829E-06    73
  7.69  0.11317E-06    73
  7.70  0.12040E-06    73
  7.71  0.12247E-06    73
  7.72  0.13045E-06    73
  7.73  0.14241E-06    73
  7.74  0.14826E-06    73
  7.75  0.15775E-06    73
  7.76  0.17173E-06    73
  7.77  0.17655E-06    73
  7.78  0.19132E-06    72
  7.79  0.19908E-06    72
  7.80  0.20165E-06    73
  7.81  0.21005E-06    73
  7.82  0.22457E-06    73
  7.83  0.23583E-06    73
  7.84  0.23333E-06    73
  7.85  0.23729E-06    73
  7.86  0.25008E-06    73
  7.87  0.24550E-06    73
  7.88  0.25820E-06    73
  7.89  0.26652E-06    73
  7.90  0.26673E-06    74
  7.91  0.27853E-06    74
  7.92  0.29060E-06    74
  7.93  0.30405E-06    74
  7.94  0.32805E-06    75
  7.95  0.34258E-06    74
  7.96  0.34785E-06    75
  7.97  0.38056E-06    75
  7.98  0.38489E-06    75
  7.99  0.40266E-06    75
  8.00  0.42086E-06    76
  8.01  0.42326E-06    76
  8.02  0.42453E-06    76
  8.03  0.43407E-06    76
  8.04  0.41658E-06    76
  8.05  0.41634E-06    75
  8.06  0.39464E-06    75
  8.07  0.38433E-06    75
  8.08  0.37033E-06    76
  8.09  0.34937E-06    76
  8.10  0.34980E-06    76
  8.11  0.34518E-06    76
  8.12  0.32752E-06    77
  8.13  0.32590E-06    77
  8.14  0.34633E-06    77
  8.15  0.33508E-06    78
  8.16  0.34718E-06    79
  8.17  0.36402E-06    79
  8.18  0.38511E-06    80
  8.19  0.41160E-06    81
  8.20  0.44211E-06    83
  8.21  0.48446E-06    85
  8.22  0.54227E-06    88
  8.23  0.61586E-06    91
  8.24  0.74224E-06    97
  8.25  0.82768E-06   105
  8.26  0.97520E-06   114
  8.27  0.12125E-05   125
  8.28  0.13024E-05   138
  8.29  0.15480E-05   163
  8.30  0.18937E-05   194
  8.31  0.12667E-06    87
  8.32  0.10568E-06    86
  8.33  0.99800E-07    83
  8.34  0.87645E-07    82
  8.35  0.85696E-07    82
  8.36  0.87335E-07    82
  8.37  0.82004E-07    82
  8.38  0.80640E-07    82
  8.39  0.82056E-07    82
  8.40  0.78124E-07    81
  8.41  0.71223E-07    81
  8.42  0.67597E-07    80
  8.43  0.63503E-07    80
  8.44  0.62198E-07    79
  8.45  0.59271E-07    78
  8.46  0.54427E-07    78
  8.47  0.52196E-07    78
  8.48  0.51267E-07    78
  8.49  0.50600E-07    78
  8.50  0.50078E-07    78
  8.51  0.50335E-07    78
  8.52  0.52186E-07    78
  8.53  0.51038E-07    78
  8.54  0.54064E-07    78
  8.55  0.53222E-07    78
  8.56  0.56003E-07    78
  8.57  0.55215E-07    78
  8.58  0.56108E-07    79
  8.59  0.57270E-07    79
  8.60  0.58314E-07    79
  8.61  0.59508E-07    79
  8.62  0.62383E-07    79
  8.63  0.63316E-07    79
  8.64  0.64008E-07    79
  8.65  0.63382E-07    79
  8.66  0.65626E-07    79
  8.67  0.67241E-07    79
  8.68  0.68671E-07    79
  8.69  0.70198E-07    80
  8.70  0.71444E-07    79
  8.71  0.72082E-07    80
  8.72  0.73319E-07    79
  8.73  0.74246E-07    79
  8.74  0.72085E-07    80
  8.75  0.74021E-07    79
  8.76  0.74883E-07    79
  8.77  0.74204E-07    80
  8.78  0.75943E-07    79
  8.79  0.77768E-07    79
  8.80  0.80255E-07    80
  8.81  0.84805E-07    79
  8.82  0.87319E-07    80
  8.83  0.87734E-07    80
  8.84  0.89403E-07    80
  8.85  0.93832E-07    79
  8.86  0.93979E-07    79
  8.87  0.96627E-07    79
  8.88  0.99419E-07    79
  8.89  0.10292E-06    79
  8.90  0.10975E-06    79
  8.91  0.11272E-06    79
  8.92  0.11827E-06    79
  8.93  0.12244E-06    79
  8.94  0.12557E-06    79
  8.95  0.13088E-06    79
  8.96  0.13415E-06    79
  8.97  0.13827E-06    79
  8.98  0.14125E-06    79
  8.99  0.14267E-06    79
  9.00  0.14072E-06    79
  9.01  0.14635E-06    79
  9.02  0.15171E-06    78
  9.03  0.15300E-06    79
  9.04  0.15163E-06    79
  9.05  0.15644E-06    78
  9.06  0.15887E-06    79
  9.07  0.16117E-06    78
  9.08  0.16248E-06    78
  9.09  0.16393E-06    78
  9.10  0.16468E-06    79
  9.11  0.16429E-06    78
  9.12  0.16348E-06    78
  9.13  0.16522E-06    78
  9.14  0.16056E-06    78
  9.15  0.15960E-06    78
  9.16  0.16006E-06    78
  9.17  0.15909E-06    78
  9.18  0.15969E-06    78
  9.19  0.15672E-06    78
  9.20  0.15202E-06    77
  9.21  0.14372E-06    77
  9.22  0.14232E-06    77
  9.23  0.13667E-06    77
  9.24  0.12695E-06    77
  9.25  0.12124E-06    76
  9.26  0.11762E-06    76
  9.27  0.11443E-06    76
  9.28  0.10803E-06    76
  9.29  0.10576E-06    76
  9.30  0.10454E-06    75
  9.31  0.10200E-06    75
  9.32  0.99512E-07    75
  9.33  0.95870E-07    75
  9.34  0.96002E-07    75
  9.35  0.94852E-07    75
  9.36  0.92213E-07    75
  9.37  0.90327E-07    75
  9.38  0.89416E-07    74
  9.39  0.88560E-07    74
  9.40  0.87703E-07    74
  9.41  0.86873E-07    74
  9.42  0.86085E-07    74
  9.43  0.85310E-07    74
  9.44  0.84666E-07    73
  9.45  0.84108E-07    73
  9.46  0.82989E-07    73
  9.47  0.82191E-07    73
  9.48  0.81038E-07    73
  9.49  0.80119E-07    73
  9.50  0.78901E-07    72
  9.51  0.78170E-07    72
  9.52  0.77273E-07    72
  9.53  0.76197E-07    72
  9.54  0.75712E-07    72
  9.55  0.75107E-07    72
  9.56  0.74665E-07    71
  9.57  0.73104E-07    71
  9.58  0.74702E-07    71
  9.59  0.74377E-07    71
  9.60  0.72959E-07    71
  9.61  0.72631E-07    70
  9.62  0.72197E-07    70
  9.63  0.71927E-07    70
  9.64  0.72302E-07    70
  9.65  0.71836E-07    70
  9.66  0.73250E-07    70
  9.67  0.73822E-07    69
  9.68  0.73748E-07    69
  9.69  0.72692E-07    69
  9.70  0.72314E-07    69
  9.71  0.73009E-07    69
  9.72  0.72100E-07    69
  9.73  0.71129E-07    69
  9.74  0.70716E-07    68
  9.75  0.70470E-07    68
  9.76  0.71485E-07    68
  9.77  0.71664E-07    68
  9.78  0.71205E-07    68
  9.79  0.71277E-07    68
  9.80  0.71442E-07    67
  9.81  0.71286E-07    67
  9.82  0.71221E-07    67
  9.83  0.71140E-07    67
  9.84  0.71504E-07    67
  9.85  0.71806E-07    66
  9.86  0.71726E-07    66
  9.87  0.70938E-07    66
  9.88  0.70902E-07    66
  9.89  0.71436E-07    66
  9.90  0.71076E-07    66
  9.91  0.70577E-07    65
  9.92  0.71915E-07    65
  9.93  0.71848E-07    65
  9.94  0.71905E-07    65
  9.95  0.71854E-07    65
  9.96  0.72298E-07    64
  9.97  0.72495E-07    64
  9.98  0.72490E-07    64
  9.99  0.72080E-07    64
 10.00  0.72246E-07    64
 10.01  0.72443E-07    64
 10.02  0.72812E-07    64
 10.03  0.73056E-07    64
 10.04  0.73457E-07    63
 10.05  0.73875E-07    63
 10.06  0.73823E-07    63
 10.07  0.73896E-07    63
 10.08  0.73766E-07    63
 10.09  0.72456E-07    63
 10.10  0.73865E-07    62
 10.11  0.73198E-07    62
 10.12  0.72971E-07    62
 10.13  0.72649E-07    62
 10.14  0.72389E-07    62
 10.15  0.72270E-07    62
 10.16  0.71788E-07    62
 10.17  0.71415E-07    62
 10.18  0.71200E-07    62
 10.19  0.71127E-07    61
 10.20  0.70831E-07    61
 10.21  0.70726E-07    61
 10.22  0.70461E-07    61
 10.23  0.70705E-07    61
 10.24  0.70073E-07    61
 10.25  0.69949E-07    61
 10.26  0.70018E-07    61
 10.27  0.69334E-07    61
 10.28  0.69130E-07    61
 10.29  0.68892E-07    61
 10.30  0.69296E-07    61
 10.31  0.69829E-07    60
 10.32  0.70218E-07    60
 10.33  0.70592E-07    60
 10.34  0.70982E-07    60
 10.35  0.71373E-07    60
 10.36  0.72685E-07    60
 10.37  0.73562E-07    60
 10.38  0.73423E-07    60
 10.39  0.73073E-07    60
 10.40  0.72317E-07    60
 10.41  0.72046E-07    60
 10.42  0.72278E-07    60
 10.43  0.72087E-07    60
 10.44  0.71750E-07    60
 10.45  0.71510E-07    59
 10.46  0.71741E-07    59
 10.47  0.71809E-07    60
 10.48  0.70572E-07    60
 10.49  0.71653E-07    59
 10.50  0.72506E-07    59
 10.51  0.72739E-07    59
 10.52  0.73168E-07    59
 10.53  0.74025E-07    59
 10.54  0.74588E-07    59
 10.55  0.75053E-07    59
 10.56  0.74565E-07    59
 10.57  0.74141E-07    59
 10.58  0.74245E-07    59
 10.59  0.74183E-07    59
 10.60  0.73972E-07    59
 10.61  0.73926E-07    59
 10.62  0.73715E-07    59
 10.63  0.73470E-07    59
 10.64  0.74102E-07    59
 10.65  0.73658E-07    59
 10.66  0.73196E-07    59
 10.67  0.72865E-07    59
 10.68  0.72701E-07    58
 10.69  0.72319E-07    58
 10.70  0.72071E-07    58
 10.71  0.71738E-07    58
 10.72  0.71337E-07    58
 10.73  0.71303E-07    58
 10.74  0.71387E-07    58
 10.75  0.71470E-07    58
 10.76  0.70866E-07    58
 10.77  0.70378E-07    58
 10.78  0.71048E-07    58
 10.79  0.71114E-07    58
 10.80  0.70978E-07    58
 10.81  0.70741E-07    58
 10.82  0.70638E-07    58
 10.83  0.69893E-07    58
 10.84  0.70127E-07    58
 10.85  0.70648E-07    58
 10.86  0.71102E-07    58
 10.87  0.71235E-07    58
 10.88  0.71114E-07    58
 10.89  0.71230E-07    58
 10.90  0.71432E-07    58
 10.91  0.72669E-07    58
 10.92  0.73229E-07    58
 10.93  0.73603E-07    58
 10.94  0.74317E-07    58
 10.95  0.75238E-07    58
 10.96  0.76058E-07    58
 10.97  0.76930E-07    58
 10.98  0.77889E-07    58
 10.99  0.79158E-07    58
 11.00  0.81029E-07    58
 11.01  0.83143E-07    58
 11.02  0.85278E-07    58
 11.03  0.87400E-07    58
 11.04  0.91072E-07    58
 11.05  0.95560E-07    59
 11.06  0.10037E-06    59
 11.07  0.10599E-06    59
 11.08  0.11218E-06    59
 11.09  0.12026E-06    59
 11.10  0.12932E-06    60
 11.11  0.82307E-07    99
 11.12  0.74501E-07    89
 11.13  0.66699E-07    80
 11.14  0.57286E-07    77
 11.15  0.51260E-07    73
 11.16  0.45918E-07    69
 11.17  0.41349E-07    67
 11.18  0.36773E-07    65
 11.19  0.33041E-07    64
 11.20  0.30524E-07    62
 11.21  0.28177E-07    61
 11.22  0.26088E-07    60
 11.23  0.24345E-07    60
 11.24  0.23124E-07    59
 11.25  0.21778E-07    59
 11.26  0.20657E-07    59
 11.27  0.19359E-07    59
 11.28  0.18709E-07    59
 11.29  0.18550E-07    58
 11.30  0.18073E-07    58
 11.31  0.17667E-07    58
 11.32  0.16989E-07    58
 11.33  0.16895E-07    58
 11.34  0.16857E-07    58
 11.35  0.17020E-07    58
 11.36  0.17106E-07    58
 11.37  0.17091E-07    58
 11.38  0.16881E-07    58
 11.39  0.17259E-07    58
 11.40  0.17596E-07    58
 11.41  0.17750E-07    59
 11.42  0.18087E-07    58
 11.43  0.18263E-07    59
 11.44  0.18600E-07    58
 11.45  0.18759E-07    59
 11.46  0.19168E-07    58
 11.47  0.19596E-07    58
 11.48  0.19791E-07    58
 11.49  0.19988E-07    59
 11.50  0.20345E-07    59
 11.51  0.20811E-07    59
 11.52  0.21206E-07    59
 11.53  0.21548E-07    59
 11.54  0.21728E-07    59
 11.55  0.22125E-07    59
 11.56  0.22342E-07    59
 11.57  0.22541E-07    59
 11.58  0.23102E-07    59
 11.59  0.23429E-07    59
 11.60  0.23774E-07    59
 11.61  0.24138E-07    59
 11.62  0.24575E-07    59
 11.63  0.25103E-07    59
 11.64  0.25379E-07    59
 11.65  0.25963E-07    59
 11.66  0.26657E-07    59
 11.67  0.27152E-07    59
 11.68  0.27758E-07    59
 11.69  0.28291E-07    59
 11.70  0.28917E-07    59
 11.71  0.29616E-07    59
 11.72  0.30335E-07    59
 11.73  0.30927E-07    59
 11.74  0.31356E-07    59
 11.75  0.32078E-07    59
 11.76  0.32746E-07    59
 11.77  0.33141E-07    59
 11.78  0.33719E-07    59
 11.79  0.34464E-07    59
 11.80  0.35192E-07    59
 11.81  0.36251E-07    59
 11.82  0.36890E-07    60
 11.83  0.37731E-07    59
 11.84  0.38538E-07    59
 11.85  0.39290E-07    60
 11.86  0.39933E-07    59
 11.87  0.40336E-07    60
 11.88  0.41517E-07    60
 11.89  0.42756E-07    60
 11.90  0.43459E-07    60
 11.91  0.44107E-07    60
 11.92  0.44906E-07    60
 11.93  0.45389E-07    60
 11.94  0.45297E-07    60
 11.95  0.45912E-07    60
 11.96  0.46546E-07    60
 11.97  0.47163E-07    60
 11.98  0.47613E-07    60
 11.99  0.48250E-07    60
 12.00  0.48720E-07    60
 12.01  0.49958E-07    60
 12.02  0.50299E-07    60
 12.03  0.50341E-07    60
 12.04  0.49295E-07    60
 12.05  0.49580E-07    60
 12.06  0.49678E-07    60
 12.07  0.49963E-07    60
 12.08  0.50230E-07    60
 12.09  0.50479E-07    60
 12.10  0.50690E-07    60
 12.11  0.50883E-07    60
 12.12  0.50887E-07    60
 12.13  0.51099E-07    60
 12.14  0.51312E-07    60
 12.15  0.51543E-07    60
 12.16  0.51775E-07    60
 12.17  0.53353E-07    60
 12.18  0.53738E-07    60
 12.19  0.53649E-07    60
 12.20  0.52743E-07    60
 12.21  0.53186E-07    60
 12.22  0.53401E-07    60
 12.23  0.54492E-07    60
 12.24  0.54765E-07    60
 12.25  0.54696E-07    60
 12.26  0.54549E-07    60
 12.27  0.54364E-07    61
 12.28  0.54064E-07    60
 12.29  0.53553E-07    61
 12.30  0.52333E-07    61
 12.31  0.51973E-07    61
 12.32  0.51804E-07    61
 12.33  0.51462E-07    61
 12.34  0.52234E-07    61
 12.35  0.51988E-07    60
 12.36  0.51298E-07    60
 12.37  0.49529E-07    61
 12.38  0.49029E-07    61
 12.39  0.48509E-07    61
 12.40  0.47988E-07    61
 12.41  0.48124E-07    61
 12.42  0.47892E-07    60
 12.43  0.47311E-07    60
 12.44  0.46303E-07    61
 12.45  0.45467E-07    61
 12.46  0.44941E-07    61
 12.47  0.44977E-07    60
 12.48  0.44469E-07    61
 12.49  0.43785E-07    61
 12.50  0.43197E-07    61
 12.51  0.42297E-07    61
 12.52  0.40693E-07    61
 12.53  0.40101E-07    61
 12.54  0.39527E-07    61
 12.55  0.39598E-07    60
 12.56  0.39062E-07    60
 12.57  0.38447E-07    60
 12.58  0.37812E-07    60
 12.59  0.37116E-07    60
 12.60  0.36223E-07    61
 12.61  0.35702E-07    60
 12.62  0.35397E-07    60
 12.63  0.34933E-07    60
 12.64  0.34390E-07    60
 12.65  0.33806E-07    60
 12.66  0.33143E-07    60
 12.67  0.31886E-07    60
 12.68  0.31319E-07    60
 12.69  0.30751E-07    60
 12.70  0.29984E-07    60
 12.71  0.29632E-07    60
 12.72  0.29437E-07    60
 12.73  0.29460E-07    60
 12.74  0.29285E-07    60
 12.75  0.29109E-07    60
 12.76  0.29132E-07    60
 12.77  0.28956E-07    60
 12.78  0.29576E-07    60
 12.79  0.30177E-07    60
 12.80  0.30998E-07    60
 12.81  0.31800E-07    60
 12.82  0.32803E-07    60
 12.83  0.33808E-07    60
 12.84  0.35814E-07    60
 12.85  0.38503E-07    60
 12.86  0.41758E-07    60
 12.87  0.45458E-07    60
 12.88  0.49706E-07    60
 12.89  0.54763E-07    61
 12.90  0.60792E-07    61
 12.91  0.66408E-07    62
 12.92  0.72798E-07    62
 12.93  0.80687E-07    63
 12.94  0.90443E-07    64
 12.95  0.10277E-06    65
 12.96  0.11991E-06    67
 12.97  0.13713E-06    69
 12.98  0.15359E-06    73
 12.99  0.17372E-06    78
 13.00  0.19871E-06    83
 13.01  0.23280E-06    88
 13.02  0.27739E-06    94
 13.03  0.33787E-06   101
 13.04  0.36960E-06   116
 13.05  0.40444E-06   132
 13.06  0.44624E-06   149
 13.07  0.49564E-06   165
 13.08  0.55896E-06   183
 13.09  0.64664E-06   199
 13.10  0.59776E-06   211
 13.11  0.70173E-06   234
 13.12  0.69532E-06   253
 13.13  0.69217E-06   269
 13.14  0.68390E-06   286
 13.15  0.67336E-06   303
 13.16  0.66034E-06   320
 13.17  0.63521E-06   331
 13.18  0.60736E-06   341
 13.19  0.58112E-06   350
 13.20  0.39429E-06   339
 13.21  0.10420E-05    88
 13.22  0.10488E-05    88
 13.23  0.10588E-05    88
 13.24  0.10638E-05    88
 13.25  0.10689E-05    88
 13.26  0.10732E-05    87
 13.27  0.10740E-05    87
 13.28  0.10732E-05    87
 13.29  0.10748E-05    87
 13.30  0.10756E-05    87
 13.31  0.10768E-05    87
 13.32  0.10768E-05    86
 13.33  0.10747E-05    86
 13.34  0.10697E-05    86
 13.35  0.10337E-05    86
 13.36  0.10942E-05    86
 13.37  0.10929E-05    86
 13.38  0.10540E-05    85
 13.39  0.10616E-05    85
 13.40  0.10559E-05    85
 13.41  0.10828E-05    85
 13.42  0.10824E-05    85
 13.43  0.10794E-05    85
 13.44  0.10398E-05    84
 13.45  0.10471E-05    84
 13.46  0.10856E-05    84
 13.47  0.10868E-05    84
 13.48  0.10908E-05    84
 13.49  0.10922E-05    84
 13.50  0.10943E-05    84
 13.51  0.11004E-05    83
 13.52  0.11046E-05    83
 13.53  0.11109E-05    83
 13.54  0.11153E-05    83
 13.55  0.11220E-05    83
 13.56  0.11290E-05    82
 13.57  0.11336E-05    83
 13.58  0.11050E-05    82
 13.59  0.11219E-05    82
 13.60  0.11259E-05    81
 13.61  0.11229E-05    81
 13.62  0.11503E-05    81
 13.63  0.11528E-05    81
 13.64  0.11530E-05    81
 13.65  0.11241E-05    80
 13.66  0.11322E-05    80
 13.67  0.11353E-05    80
 13.68  0.11368E-05    80
 13.69  0.11372E-05    80
 13.70  0.11366E-05    79
 13.71  0.11346E-05    79
 13.72  0.11363E-05    79
 13.73  0.11431E-05    79
 13.74  0.11484E-05    79
 13.75  0.11510E-05    79
 13.76  0.11516E-05    78
 13.77  0.11379E-05    78
 13.78  0.11576E-05    78
 13.79  0.11576E-05    78
 13.80  0.11599E-05    78
 13.81  0.11622E-05    78
 13.82  0.11670E-05    78
 13.83  0.11691E-05    78
 13.84  0.11714E-05    77
 13.85  0.11755E-05    77
 13.86  0.11772E-05    77
 13.87  0.11807E-05    77
 13.88  0.11837E-05    77
 13.89  0.11863E-05    77
 13.90  0.11891E-05    77
 13.91  0.11917E-05    77
 13.92  0.11769E-05    76
 13.93  0.11858E-05    76
 13.94  0.11875E-05    76
 13.95  0.11710E-05    76
 13.96  0.12040E-05    76
 13.97  0.12049E-05    76
 13.98  0.12083E-05    76
 13.99  0.12099E-05    76
 14.00  0.12116E-05    76
 14.01  0.12009E-05    76
 14.02  0.12094E-05    76
 14.03  0.12081E-05    76
 14.04  0.12177E-05    76
 14.05  0.12196E-05    76
 14.06  0.12225E-05    77
 14.07  0.12266E-05    77
 14.08  0.12086E-05    76
 14.09  0.12150E-05    76
 14.10  0.12277E-05    77
 14.11  0.12209E-05    77
 14.12  0.12149E-05    77
 14.13  0.12096E-05    77
 14.14  0.11920E-05    77
 14.15  0.11950E-05    77
 14.16  0.11935E-05    77
 14.17  0.11886E-05    77
 14.18  0.11704E-05    77
 14.19  0.11874E-05    77
 14.20  0.11849E-05    78
 14.21  0.11638E-05    77
 14.22  0.11708E-05    78
 14.23  0.11717E-05    78
 14.24  0.11714E-05    78
 14.25  0.11726E-05    78
 14.26  0.11766E-05    78
 14.27  0.11794E-05    78
 14.28  0.11804E-05    78
 14.29  0.11770E-05    78
 14.30  0.11743E-05    78
 14.31  0.11722E-05    78
 14.32  0.11742E-05    78
 14.33  0.11790E-05    78
 14.34  0.11816E-05    78
 14.35  0.11833E-05    78
 14.36  0.11772E-05    78
 14.37  0.11933E-05    78
 14.38  0.11983E-05    78
 14.39  0.12010E-05    78
 14.40  0.12054E-05    78
 14.41  0.12100E-05    78
 14.42  0.12143E-05    78
 14.43  0.12209E-05    78
 14.44  0.11881E-05    78
 14.45  0.12145E-05    78
 14.46  0.12363E-05    78
 14.47  0.12408E-05    78
 14.48  0.12475E-05    78
 14.49  0.12542E-05    78
 14.50  0.12522E-05    78
 14.51  0.12693E-05    77
 14.52  0.12785E-05    78
 14.53  0.12882E-05    77
 14.54  0.12948E-05    77
 14.55  0.12832E-05    77
 14.56  0.13111E-05    77
 14.57  0.13206E-05    77
 14.58  0.13220E-05    77
 14.59  0.13460E-05    77
 14.60  0.13617E-05    76
 14.61  0.13700E-05    76
 14.62  0.13766E-05    76
 14.63  0.13764E-05    76
 14.64  0.13844E-05    76
 14.65  0.14079E-05    76
 14.66  0.14219E-05    76
 14.67  0.14352E-05    76
 14.68  0.14462E-05    76
 14.69  0.14502E-05    76
 14.70  0.14551E-05    76
 14.71  0.14634E-05    75
 14.72  0.14740E-05    75
 14.73  0.14849E-05    75
 14.74  0.14912E-05    75
 14.75  0.14977E-05    75
 14.76  0.15068E-05    75
 14.77  0.15002E-05    75
 14.78  0.15201E-05    75
 14.79  0.15269E-05    74
 14.80  0.15334E-05    74
 14.81  0.15398E-05    74
 14.82  0.15466E-05    74
 14.83  0.15479E-05    74
 14.84  0.15517E-05    74
 14.85  0.15490E-05    74
 14.86  0.15725E-05    74
 14.87  0.15794E-05    74
 14.88  0.15816E-05    74
 14.89  0.15780E-05    74
 14.90  0.15716E-05    74
 14.91  0.15632E-05    74
 14.92  0.15654E-05    74
 14.93  0.15655E-05    74
 14.94  0.15459E-05    74
 14.95  0.15797E-05    74
 14.96  0.15852E-05    74
 14.97  0.15893E-05    74
 14.98  0.15883E-05    74
 14.99  0.15877E-05    74
 15.00  0.15859E-05    74
 15.01  0.15865E-05    74
 15.02  0.15906E-05    74
 15.03  0.15959E-05    74
 15.04  0.15995E-05    74
 15.05  0.16025E-05    74
 15.06  0.16047E-05    74
 15.07  0.16077E-05    74
 15.08  0.16073E-05    74
 15.09  0.16027E-05    74
 15.10  0.15970E-05    74
 15.11  0.15766E-05    74
 15.12  0.15927E-05    74
 15.13  0.15728E-05    74
 15.14  0.15901E-05    74
 15.15  0.15921E-05    74
 15.16  0.15899E-05    74
 15.17  0.15869E-05    74
 15.18  0.15783E-05    74
 15.19  0.15606E-05    75
 15.20  0.15810E-05    75
 15.21  0.15792E-05    75
 15.22  0.15774E-05    75
 15.23  0.15778E-05    75
 15.24  0.15762E-05    75
 15.25  0.15744E-05    76
 15.26  0.15749E-05    76
 15.27  0.15757E-05    76
 15.28  0.15760E-05    76
 15.29  0.15768E-05    76
 15.30  0.15776E-05    76
 15.31  0.15577E-05    76
 15.32  0.15639E-05    77
 15.33  0.15621E-05    77
 15.34  0.15435E-05    77
 15.35  0.15833E-05    77
 15.36  0.15843E-05    77
 15.37  0.15880E-05    77
 15.38  0.15602E-05    77
 15.39  0.15689E-05    77
 15.40  0.15678E-05    78
 15.41  0.15628E-05    78
 15.42  0.15667E-05    78
 15.43  0.15754E-05    78
 15.44  0.15865E-05    78
 15.45  0.15945E-05    78
 15.46  0.16018E-05    78
 15.47  0.16026E-05    78
 15.48  0.15921E-05    78
 15.49  0.16450E-05    79
 15.50  0.16518E-05    79
 15.51  0.16589E-05    79
 15.52  0.16310E-05    78
 15.53  0.16500E-05    79
 15.54  0.16682E-05    79
 15.55  0.16867E-05    78
 15.56  0.16997E-05    78
 15.57  0.17095E-05    78
 15.58  0.17123E-05    78
 15.59  0.17656E-05    78
 15.60  0.17789E-05    78
 15.61  0.17917E-05    78
 15.62  0.18067E-05    78
 15.63  0.18193E-05    78
 15.64  0.18336E-05    78
 15.65  0.18177E-05    78
 15.66  0.18374E-05    78
 15.67  0.18513E-05    77
 15.68  0.18632E-05    77
 15.69  0.18754E-05    77
 15.70  0.18908E-05    77
 15.71  0.19079E-05    77
 15.72  0.19221E-05    77
 15.73  0.19328E-05    77
 15.74  0.19421E-05    77
 15.75  0.19502E-05    77
 15.76  0.19549E-05    77
 15.77  0.19483E-05    77
 15.78  0.20026E-05    77
 15.79  0.20127E-05    77
 15.80  0.20221E-05    77
 15.81  0.20345E-05    77
 15.82  0.19833E-05    77
 15.83  0.20097E-05    77
 15.84  0.20132E-05    77
 15.85  0.20720E-05    77
 15.86  0.20817E-05    77
 15.87  0.20909E-05    77
 15.88  0.21006E-05    77
 15.89  0.21099E-05    77
 15.90  0.21196E-05    77
 15.91  0.21289E-05    77
 15.92  0.20918E-05    77
 15.93  0.21120E-05    77
 15.94  0.21178E-05    77
 15.95  0.21082E-05    77
 15.96  0.21751E-05    78
 15.97  0.21857E-05    78
 15.98  0.21957E-05    78
 15.99  0.22058E-05    78
 16.00  0.22159E-05    78
 16.01  0.22298E-05    78
 16.02  0.22407E-05    78
 16.03  0.22523E-05    78
 16.04  0.22634E-05    78
 16.05  0.22753E-05    78
 16.06  0.22870E-05    78
 16.07  0.22990E-05    78
 16.08  0.23114E-05    78
 16.09  0.22908E-05    78
 16.10  0.23190E-05    78
 16.11  0.23315E-05    78
 16.12  0.23649E-05    78
 16.13  0.23691E-05    78
 16.14  0.23723E-05    78
 16.15  0.24004E-05    78
 16.16  0.24007E-05    78
 16.17  0.23996E-05    79
 16.18  0.24238E-05    78
 16.19  0.24218E-05    79
 16.20  0.24253E-05    79
 16.21  0.24346E-05    79
 16.22  0.24717E-05    79
 16.23  0.24816E-05    79
 16.24  0.24899E-05    79
 16.25  0.24958E-05    80
 16.26  0.24996E-05    80
 16.27  0.25265E-05    79
 16.28  0.25250E-05    80
 16.29  0.25199E-05    80
 16.30  0.25098E-05    80
 16.31  0.24786E-05    80
 16.32  0.25152E-05    81
 16.33  0.25165E-05    81
 16.34  0.25177E-05    81
 16.35  0.25035E-05    81
 16.36  0.25224E-05    81
 16.37  0.25275E-05    81
 16.38  0.25178E-05    81
 16.39  0.25270E-05    81
 16.40  0.25298E-05    81
 16.41  0.25324E-05    81
 16.42  0.25349E-05    82
 16.43  0.25639E-05    81
 16.44  0.25680E-05    81
 16.45  0.25695E-05    82
 16.46  0.25737E-05    82
 16.47  0.25752E-05    82
 16.48  0.25794E-05    82
 16.49  0.25809E-05    83
 16.50  0.26108E-05    82
 16.51  0.26123E-05    82
 16.52  0.26139E-05    83
 16.53  0.26155E-05    83
 16.54  0.26454E-05    83
 16.55  0.26470E-05    84
 16.56  0.26744E-05    83
 16.57  0.26760E-05    84
 16.58  0.26751E-05    84
 16.59  0.27128E-05    84
 16.60  0.27274E-05    84
 16.61  0.27523E-05    84
 16.62  0.27436E-05    85
 16.63  0.27375E-05    85
 16.64  0.27780E-05    85
 16.65  0.28030E-05    85
 16.66  0.27891E-05    86
 16.67  0.28246E-05    86
 16.68  0.28315E-05    86
 16.69  0.28773E-05    86
 16.70  0.29025E-05    86
 16.71  0.29250E-05    86
 16.72  0.29502E-05    86
 16.73  0.29754E-05    86
 16.74  0.29981E-05    87
 16.75  0.30233E-05    87
 16.76  0.30486E-05    88
 16.77  0.30740E-05    88
 16.78  0.30993E-05    88
 16.79  0.31221E-05    89
 16.80  0.31658E-05    88
 16.81  0.31939E-05    88
 16.82  0.31879E-05    88
 16.83  0.32501E-05    89
 16.84  0.33045E-05    88
 16.85  0.33300E-05    89
 16.86  0.33530E-05    89
 16.87  0.34076E-05    89
 16.88  0.34306E-05    90
 16.89  0.34563E-05    90
 16.90  0.35268E-05    89
 16.91  0.35763E-05    89
 16.92  0.36337E-05    90
 16.93  0.36596E-05    90
 16.94  0.36829E-05    90
 16.95  0.37299E-05    91
 16.96  0.37506E-05    91
 16.97  0.38083E-05    91
 16.98  0.38687E-05    91
 16.99  0.39028E-05    91
 17.00  0.39633E-05    91
 17.01  0.39948E-05    92
 17.02  0.40501E-05    92
 17.03  0.41029E-05    92
 17.04  0.41239E-05    92
 17.05  0.41715E-05    93
 17.06  0.42138E-05    93
 17.07  0.42588E-05    93
 17.08  0.42905E-05    93
 17.09  0.43622E-05    93
 17.10  0.44340E-05    93
 17.11  0.44979E-05    93
 17.12  0.45459E-05    94
 17.13  0.45619E-05    94
 17.14  0.45752E-05    95
 17.15  0.46046E-05    95
 17.16  0.46607E-05    95
 17.17  0.47142E-05    96
 17.18  0.48748E-05    95
 17.19  0.49473E-05    95
 17.20  0.50278E-05    95
 17.21  0.50683E-05    96
 17.22  0.51007E-05    97
 17.23  0.51547E-05    96
 17.24  0.51603E-05    97
 17.25  0.50693E-05    97
 17.26  0.51018E-05    98
 17.27  0.51317E-05    98
 17.28  0.51912E-05    98
 17.29  0.52238E-05    99
 17.30  0.52564E-05    99
 17.31  0.54077E-05    98
 17.32  0.55430E-05    99
 17.33  0.55948E-05    99
 17.34  0.56115E-05    99
 17.35  0.55797E-05    99
 17.36  0.55099E-05   100
 17.37  0.55428E-05   100
 17.38  0.55758E-05   100
 17.39  0.56359E-05   100
 17.40  0.58179E-05   100
 17.41  0.59243E-05   100
 17.42  0.59711E-05   100
 17.43  0.59094E-05   100
 17.44  0.58775E-05   101
 17.45  0.59379E-05   101
 17.46  0.61208E-05   101
 17.47  0.63011E-05   101
 17.48  0.64055E-05   101
 17.49  0.64909E-05   101
 17.50  0.65600E-05   101
 17.51  0.66155E-05   101
 17.52  0.66903E-05   101
 17.53  0.67842E-05   102
 17.54  0.68591E-05   102
 17.55  0.69313E-05   102
 17.56  0.68231E-05   102
 17.57  0.69310E-05   102
 17.58  0.70636E-05   102
 17.59  0.71991E-05   102
 17.60  0.74060E-05   103
 17.61  0.76900E-05   102
 17.62  0.78672E-05   102
 17.63  0.80419E-05   102
 17.64  0.81701E-05   103
 17.65  0.83397E-05   103
 17.66  0.84929E-05   103
 17.67  0.86408E-05   103
 17.68  0.88384E-05   103
 17.69  0.90225E-05   103
 17.70  0.92316E-05   103
 17.71  0.93885E-05   103
 17.72  0.94738E-05   104
 17.73  0.97111E-05   104
 17.74  0.99514E-05   104
 17.75  0.10214E-04   104
 17.76  0.10480E-04   104
 17.77  0.10823E-04   104
 17.78  0.11381E-04   103
 17.79  0.11866E-04   103
 17.80  0.12316E-04   104
 17.81  0.12726E-04   104
 17.82  0.13141E-04   103
 17.83  0.13531E-04   104
 17.84  0.13972E-04   104
 17.85  0.14455E-04   104
 17.86  0.14970E-04   104
 17.87  0.15554E-04   104
 17.88  0.16184E-04   104
 17.89  0.16920E-04   104
 17.90  0.17724E-04   104
 17.91  0.18548E-04   104
 17.92  0.19301E-04   105
 17.93  0.20314E-04   105
 17.94  0.21516E-04   106
 17.95  0.22738E-04   105
 17.96  0.24555E-04   106
 17.97  0.26390E-04   106
 17.98  0.28309E-04   106
 17.99  0.30678E-04   107
 18.00  0.32994E-04   108
 18.01  0.35481E-04   108
 18.02  0.37549E-04   111
 18.03  0.39535E-04   113
 18.04  0.42957E-04   117
 18.05  0.46354E-04   120
 18.06  0.50205E-04   123
 18.07  0.54735E-04   127
 18.08  0.59890E-04   131
 18.09  0.66487E-04   135
 18.10  0.73317E-04   138
 18.11  0.84132E-04   142
 18.12  0.96961E-04   146
 18.13  0.11342E-03   150
 18.14  0.11345E-03   175
 18.15  0.11705E-03   207
 18.16  0.11485E-03   239
 18.17  0.11223E-03   269
 18.18  0.10875E-03   300
 18.19  0.10504E-03   329
 18.20  0.10054E-03   359
 18.21  0.96536E-04   388
 18.22  0.69263E-04   383
 18.23  0.83894E-04   404
 18.24  0.90019E-04   423
 18.25  0.92797E-04   443
 18.26  0.92393E-04   460
 18.27  0.67405E-04   485
 18.28  0.33166E-04   506
 18.29  0.40732E-04   618
 18.30  0.31977E-04   646
 18.31  0.25561E-04   672
 18.32  0.20682E-04   695
 18.33  0.16888E-04   718
 18.34  0.14135E-04   737
 18.35  0.12005E-04   755
 18.36  0.10342E-04   771
 18.37  0.90804E-05   786
 18.38  0.63918E-05   625
 18.39  0.76497E-05   662
 18.40  0.56021E-05   699
 18.41  0.63793E-05   704
 18.42  0.73265E-05   705
 18.43  0.79620E-05   705
 18.44  0.81817E-05   705
 18.45  0.77723E-05   705
 18.46  0.66783E-05   705
 18.47  0.50913E-05   705
 18.48  0.34478E-05   705
 18.49  0.36945E-05   705
 18.50  0.65257E-05   705
 18.51  0.96915E-05   705
 18.52  0.12356E-04   705
 18.53  0.14094E-04   705
 18.54  0.14142E-04   705
 18.55  0.11561E-04   705
 18.56  0.24696E-05   704
 18.57  0.11964E-05   992
 18.58  0.12775E-05   991
 18.59  0.13708E-05   990
 18.60  0.14660E-05   989
 18.61  0.15766E-05   988
 18.62  0.13699E-04   702
 18.63  0.20797E-04   702
 18.64  0.23897E-04   701
 18.65  0.23099E-04   701
 18.66  0.18447E-04   700
 18.67  0.76324E-05   700
 18.68  0.25615E-05   981
 18.69  0.26909E-05   981
 18.70  0.27923E-05   981
 18.71  0.64687E-05   700
 18.72  0.20536E-04   707
 18.73  0.29840E-04   707
 18.74  0.36977E-04   707
 18.75  0.42370E-04   707
 18.76  0.46483E-04   707
 18.77  0.49548E-04   707
 18.78  0.51504E-04   707
 18.79  0.52497E-04   707
 18.80  0.52555E-04   707
 18.81  0.51938E-04   707
 18.82  0.50852E-04   707
 18.83  0.49706E-04   707
 18.84  0.49586E-04   707
 18.85  0.50816E-04   707
 18.86  0.53163E-04   707
 18.87  0.56629E-04   707
 18.88  0.61040E-04   707
 18.89  0.65338E-04   707
 18.90  0.70318E-04   707
 18.91  0.75509E-04   707
 18.92  0.81088E-04   707
 18.93  0.86231E-04   707
 18.94  0.91203E-04   707
 18.95  0.95678E-04   707
 18.96  0.98769E-04   707
 18.97  0.10039E-03   707
 18.98  0.98223E-04   707
 18.99  0.90941E-04   707
 19.00  0.76282E-04   707
 19.01  0.49530E-04   707
 19.02  0.25483E-04  1000
 19.03  0.27740E-04  1000
 19.04  0.30215E-04  1000
 19.05  0.54648E-04   699
 19.06  0.10264E-03   735
 19.07  0.34272E-03   541
 19.08  0.80407E-03   311
 19.09  0.14978E-02   239
 19.10  0.20629E-02   208
 19.11  0.25077E-02   202
 19.12  0.26433E-02   213
 19.13  0.26980E-02   225
 19.14  0.25906E-02   226
 19.15  0.24255E-02   220
 19.16  0.21409E-02   202
 19.17  0.17587E-02   185
 19.18  0.12964E-02   167
 19.19  0.70530E-03   315
 19.20  0.30828E-03   424
 19.21  0.17639E-03   707
 19.22  0.67857E-04   707
 19.23  0.16438E-03  1000
 19.24  0.18023E-03  1000
 19.25  0.16369E-03   707
 19.26  0.30085E-03   707
 19.27  0.42705E-03   707
 19.28  0.54617E-03   707
 19.29  0.65490E-03   707
 19.30  0.15095E-03   361
 19.31  0.74550E-03   654
 19.32  0.81569E-03   580
 19.33  0.92268E-03   453
 19.34  0.10530E-02   371
 19.35  0.12265E-02   334
 19.36  0.14029E-02   324
 19.37  0.17762E-02   301
 19.38  0.22090E-02   274
 19.39  0.29642E-02   221
 19.40  0.38672E-02   166
 19.41  0.47912E-02   120
 19.42  0.56344E-02    84
 19.43  0.63393E-02    59
 19.44  0.68512E-02    49
 19.45  0.73152E-02    46
 19.46  0.76493E-02    49
 19.47  0.79776E-02    55
 19.48  0.82335E-02    52
 19.49  0.84867E-02    50
 19.50  0.88554E-02    54
 19.51  0.93066E-02    60
 19.52  0.99923E-02    72
 19.53  0.10916E-01    84
 19.54  0.12081E-01    94
 19.55  0.13649E-01    97
 19.56  0.15414E-01    95
 19.57  0.17887E-01    87
 19.58  0.20500E-01    77
 19.59  0.24044E-01    71
 19.60  0.27777E-01    65
 19.61  0.32494E-01    63
 19.62  0.37369E-01    62
 19.63  0.42860E-01    61
 19.64  0.48969E-01    60
 19.65  0.56002E-01    58
 19.66  0.63654E-01    56
 19.67  0.71927E-01    54
 19.68  0.81434E-01    53
 19.69  0.91564E-01    52
 19.70  0.10413E+00    51
 19.71  0.11701E+00    51
 19.72  0.13261E+00    52
 19.73  0.14887E+00    53
 19.74  0.16785E+00    54
 19.75  0.18713E+00    55
 19.76  0.20858E+00    57
 19.77  0.23132E+00    57
 19.78  0.25558E+00    58
 19.79  0.28203E+00    58
 19.80  0.30928E+00    59
 19.81  0.34337E+00    58
 19.82  0.37719E+00    58
 19.83  0.41444E+00    57
 19.84  0.45142E+00    57
 19.85  0.48874E+00    56
 19.86  0.52610E+00    55
 19.87  0.55731E+00    54
 19.88  0.58855E+00    53
 19.89  0.61704E+00    50
 19.90  0.64245E+00    48
 19.91  0.66479E+00    45
 19.92  0.68715E+00    43
 19.93  0.70612E+00    41
 19.94  0.72541E+00    39
 19.95  0.74131E+00    38
 19.96  0.75443E+00    37
 19.97  0.76103E+00    37
 19.98  0.76794E+00    37
 19.99  0.76833E+00    37
 20.00  0.76902E+00    37
 20.01  0.76629E+00    37
 20.02  0.76667E+00    37
 20.03  0.76737E+00    36
 20.04  0.76775E+00    36
 20.05  0.77126E+00    35
 20.06  0.77508E+00    35
 20.07  0.77859E+00    35
 20.08  0.78211E+00    36
 20.09  0.78562E+00    37
 20.10  0.78601E+00    38
 20.11  0.78672E+00    38
 20.12  0.79024E+00    39
 20.13  0.79691E+00    39
 20.14  0.80671E+00    38
 20.15  0.81653E+00    38
 20.16  0.82949E+00    37
 20.17  0.83933E+00    36
 20.18  0.84886E+00    35
 20.19  0.85556E+00    34
 20.20  0.85599E+00    33
 20.21  0.85956E+00    33
 20.22  0.85684E+00    32
 20.23  0.85726E+00    32
 20.24  0.85453E+00    34
 20.25  0.85180E+00    36
 20.26  0.84938E+00    38
 20.27  0.84980E+00    40
 20.28  0.84390E+00    41
 20.29  0.83800E+00    42
 20.30  0.83209E+00    42
 20.31  0.82617E+00    41
 20.32  0.82025E+00    40
 20.33  0.81749E+00    39
 20.34  0.81789E+00    37
 20.35  0.81829E+00    36
 20.36  0.82472E+00    35
 20.37  0.83147E+00    35
 20.38  0.84140E+00    35
 20.39  0.84816E+00    35
 20.40  0.85493E+00    35
 20.41  0.85853E+00    35
 20.42  0.86213E+00    35
 20.43  0.86573E+00    34
 20.44  0.86934E+00    33
 20.45  0.87614E+00    33
 20.46  0.88294E+00    32
 20.47  0.89293E+00    31
 20.48  0.89975E+00    31
 20.49  0.90976E+00    31
 20.50  0.91020E+00    32
 20.51  0.91384E+00    32
 20.52  0.91109E+00    33
 20.53  0.90834E+00    34
 20.54  0.90238E+00    35
 20.55  0.89962E+00    35
 20.56  0.89686E+00    36
 20.57  0.89409E+00    37
 20.58  0.89453E+00    37
 20.59  0.89496E+00    38
 20.60  0.89219E+00    38
 20.61  0.88941E+00    39
 20.62  0.88663E+00    38
 20.63  0.88064E+00    38
 20.64  0.87785E+00    37
 20.65  0.87184E+00    37
 20.66  0.87226E+00    36
 20.67  0.87590E+00    35
 20.68  0.88277E+00    35
 20.69  0.89286E+00    34
 20.70  0.89974E+00    34
 20.71  0.90663E+00    33
 20.72  0.91029E+00    33
 20.73  0.91073E+00    33
 20.74  0.90794E+00    32
 20.75  0.90192E+00    33
 20.76  0.89588E+00    33
 20.77  0.88985E+00    33
 20.78  0.88380E+00    33
 20.79  0.88423E+00    34
 20.80  0.88465E+00    34
 20.81  0.88832E+00    34
 20.82  0.88875E+00    34
 20.83  0.89242E+00    34
 20.84  0.89609E+00    33
 20.85  0.89652E+00    33
 20.86  0.89370E+00    33
 20.87  0.89413E+00    33
 20.88  0.89456E+00    33
 20.89  0.89499E+00    34
 20.90  0.89867E+00    34
 20.91  0.89910E+00    35
 20.92  0.90279E+00    36
 20.93  0.90322E+00    36
 20.94  0.90365E+00    36
 20.95  0.89756E+00    37
 20.96  0.89146E+00    37
 20.97  0.88535E+00    36
 20.98  0.87597E+00    36
 20.99  0.86658E+00    35
 21.00  0.86373E+00    34
 21.01  0.85759E+00    33
 21.02  0.86127E+00    31
 21.03  0.86168E+00    30
 21.04  0.86865E+00    30
 21.05  0.87562E+00    30
 21.06  0.87931E+00    32
 21.07  0.88629E+00    34
 21.08  0.89328E+00    36
 21.09  0.89699E+00    39
 21.10  0.90398E+00    41
 21.11  0.91099E+00    43
 21.12  0.91800E+00    44
 21.13  0.92830E+00    45
 21.14  0.93862E+00    45
 21.15  0.94862E+00    43
 21.16  0.95895E+00    42
 21.17  0.96600E+00    39
 21.18  0.97305E+00    37
 21.19  0.97351E+00    34
 21.20  0.97397E+00    32
 21.21  0.97443E+00    31
 21.22  0.97489E+00    30
 21.23  0.97865E+00    30
 21.24  0.97912E+00    32
 21.25  0.98289E+00    34
 21.26  0.98997E+00    37
 21.27  0.99375E+00    40
 21.28  0.99422E+00    42
 21.29  0.99468E+00    44
 21.30  0.98852E+00    46
 21.31  0.98234E+00    47
 21.32  0.97284E+00    48
 21.33  0.96001E+00    49
 21.34  0.95381E+00    48
 21.35  0.94429E+00    47
 21.36  0.93808E+00    46
 21.37  0.93519E+00    43
 21.38  0.93230E+00    40
 21.39  0.92940E+00    37
 21.40  0.92650E+00    34
 21.41  0.92360E+00    32
 21.42  0.92070E+00    31
 21.43  0.91445E+00    30
 21.44  0.91154E+00    29
 21.45  0.90862E+00    28
 21.46  0.90905E+00    27
 21.47  0.91616E+00    27
 21.48  0.92328E+00    26
 21.49  0.93375E+00    26
 21.50  0.94757E+00    25
 21.51  0.96141E+00    25
 21.52  0.97191E+00    26
 21.53  0.98243E+00    27
 21.54  0.98959E+00    28
 21.55  0.99341E+00    30
 21.56  0.99722E+00    31
 21.57  0.99769E+00    32
 21.58  0.99815E+00    32
 21.59  0.99861E+00    32
 21.60  0.99907E+00    32
 21.61  0.99954E+00    32
 21.62  0.10000E+01    32
 21.63  0.99373E+00    31
 21.64  0.99081E+00    31
 21.65  0.98116E+00    31
 21.66  0.96812E+00    30
 21.67  0.95507E+00    30
 21.68  0.93862E+00    29
 21.69  0.92217E+00    29
 21.70  0.90908E+00    28
 21.71  0.89935E+00    27
 21.72  0.89300E+00    27
 21.73  0.88664E+00    28
 21.74  0.88705E+00    29
 21.75  0.88746E+00    30
 21.76  0.88787E+00    32
 21.77  0.89167E+00    33
 21.78  0.89208E+00    35
 21.79  0.89248E+00    36
 21.80  0.89289E+00    38
 21.81  0.89670E+00    38
 21.82  0.90391E+00    38
 21.83  0.91112E+00    37
 21.84  0.92514E+00    36
 21.85  0.93578E+00    35
 21.86  0.95289E+00    33
 21.87  0.97035E+00    32
 21.88  0.98102E+00    31
 21.89  0.99169E+00    31
 21.90  0.99897E+00    31
 21.91  0.99601E+00    31
 21.92  0.99305E+00    31
 21.93  0.98667E+00    32
 21.94  0.97687E+00    33
 21.95  0.97048E+00    34
 21.96  0.96408E+00    35
 21.97  0.95768E+00    37
 21.98  0.95469E+00    38
 21.99  0.95170E+00    39
 22.00  0.94871E+00    39
 22.01  0.94914E+00    39
 22.02  0.94614E+00    38
 22.03  0.94314E+00    37
 22.04  0.93671E+00    36
 22.05  0.93370E+00    34
 22.06  0.92725E+00    32
 22.07  0.92079E+00    30
 22.08  0.91812E+00    28
 22.09  0.91509E+00    26
 22.10  0.91207E+00    25
 22.11  0.91248E+00    23
 22.12  0.90945E+00    22
 22.13  0.90986E+00    21
 22.14  0.90682E+00    20
 22.15  0.90033E+00    20
 22.16  0.89729E+00    20
 22.17  0.89079E+00    20
 22.18  0.88428E+00    20
 22.19  0.88122E+00    21
 22.20  0.87470E+00    23
 22.21  0.87164E+00    24
 22.22  0.87203E+00    25
 22.23  0.87242E+00    26
 22.24  0.87282E+00    26
 22.25  0.87321E+00    26
 22.26  0.87014E+00    25
 22.27  0.86706E+00    24
 22.28  0.86398E+00    23
 22.29  0.85742E+00    23
 22.30  0.85086E+00    22
 22.31  0.84429E+00    22
 22.32  0.83424E+00    22
 22.33  0.83114E+00    23
 22.34  0.82455E+00    25
 22.35  0.82144E+00    26
 22.36  0.82181E+00    27
 22.37  0.81869E+00    29
 22.38  0.81557E+00    30
 22.39  0.81245E+00    31
 22.40  0.80584E+00    31
 22.41  0.79922E+00    30
 22.42  0.78910E+00    30
 22.43  0.77548E+00    29
 22.44  0.76185E+00    28
 22.45  0.74820E+00    27
 22.46  0.73454E+00    26
 22.47  0.72437E+00    25
 22.48  0.71769E+00    24
 22.49  0.71101E+00    24
 22.50  0.70782E+00    24
 22.51  0.70813E+00    24
 22.52  0.70494E+00    25
 22.53  0.70174E+00    25
 22.54  0.69855E+00    26
 22.55  0.69534E+00    27
 22.56  0.68863E+00    27
 22.57  0.68542E+00    28
 22.58  0.68220E+00    28
 22.59  0.67899E+00    28
 22.60  0.67929E+00    28
 22.61  0.67959E+00    28
 22.62  0.68693E+00    28
 22.63  0.69076E+00    28
 22.64  0.69812E+00    28
 22.65  0.70195E+00    28
 22.66  0.70932E+00    29
 22.67  0.70964E+00    29
 22.68  0.70995E+00    29
 22.69  0.71026E+00    29
 22.70  0.70704E+00    28
 22.71  0.70381E+00    28
 22.72  0.70412E+00    26
 22.73  0.70443E+00    24
 22.74  0.70474E+00    22
 22.75  0.70860E+00    21
 22.76  0.71245E+00    19
 22.77  0.71631E+00    19
 22.78  0.72017E+00    18
 22.79  0.72049E+00    19
 22.80  0.71726E+00    19
 22.81  0.71757E+00    19
 22.82  0.71078E+00    20
 22.83  0.70398E+00    21
 22.84  0.69362E+00    23
 22.85  0.68680E+00    24
 22.86  0.67998E+00    26
 22.87  0.67672E+00    27
 22.88  0.67345E+00    28
 22.89  0.67374E+00    28
 22.90  0.67404E+00    28
 22.91  0.67790E+00    28
 22.92  0.67820E+00    29
 22.93  0.68206E+00    30
 22.94  0.68593E+00    31
 22.95  0.68588E+00    33
 22.96  0.68617E+00    35
 22.97  0.68647E+00    37
 22.98  0.69035E+00    38
 22.99  0.69065E+00    39
 23.00  0.69812E+00    39
 23.01  0.70200E+00    38
 23.02  0.70948E+00    37
 23.03  0.71696E+00    36
 23.04  0.72445E+00    34
 23.05  0.72835E+00    34
 23.06  0.73226E+00    34
 23.07  0.73258E+00    33
 23.08  0.72930E+00    33
 23.09  0.72962E+00    33
 23.10  0.72633E+00    31
 23.11  0.71945E+00    29
 23.12  0.71616E+00    27
 23.13  0.71287E+00    25
 23.14  0.70993E+00    23
 23.15  0.70663E+00    22
 23.16  0.70694E+00    20
 23.17  0.70364E+00    20
 23.18  0.69672E+00    19
 23.19  0.69341E+00    18
 23.20  0.68648E+00    18
 23.21  0.67593E+00    18
 23.22  0.66899E+00    18
 23.23  0.65481E+00    18
 23.24  0.64062E+00    18
 23.25  0.63003E+00    18
 23.26  0.61581E+00    18
 23.27  0.60520E+00    19
 23.28  0.59459E+00    19
 23.29  0.58759E+00    20
 23.30  0.58058E+00    20
 23.31  0.57720E+00    21
 23.32  0.57019E+00    23
 23.33  0.56316E+00    24
 23.34  0.55977E+00    25
 23.35  0.55274E+00    27
 23.36  0.54570E+00    27
 23.37  0.53865E+00    28
 23.38  0.53160E+00    28
 23.39  0.52454E+00    27
 23.40  0.51748E+00    27
 23.41  0.51405E+00    26
 23.42  0.51063E+00    25
 23.43  0.50719E+00    25
 23.44  0.50376E+00    24
 23.45  0.50398E+00    24
 23.46  0.50054E+00    24
 23.47  0.49710E+00    23
 23.48  0.49365E+00    23
 23.49  0.48654E+00    23
 23.50  0.47943E+00    24
 23.51  0.47231E+00    24
 23.52  0.46519E+00    25
 23.53  0.45439E+00    26
 23.54  0.44725E+00    27
 23.55  0.44378E+00    27
 23.56  0.43663E+00    28
 23.57  0.43314E+00    29
 23.58  0.43332E+00    29
 23.59  0.42983E+00    30
 23.60  0.43002E+00    30
 23.61  0.43388E+00    29
 23.62  0.43406E+00    29
 23.63  0.43424E+00    29
 23.64  0.43443E+00    28
 23.65  0.43461E+00    28
 23.66  0.43480E+00    29
 23.67  0.43498E+00    29
 23.68  0.43516E+00    29
 23.69  0.43535E+00    30
 23.70  0.43922E+00    31
 23.71  0.43941E+00    32
 23.72  0.44329E+00    32
 23.73  0.44717E+00    32
 23.74  0.45105E+00    32
 23.75  0.45124E+00    32
 23.76  0.45143E+00    32
 23.77  0.45162E+00    32
 23.78  0.45181E+00    31
 23.79  0.44830E+00    32
 23.80  0.44849E+00    32
 23.81  0.44497E+00    32
 23.82  0.44515E+00    33
 23.83  0.44163E+00    33
 23.84  0.44182E+00    35
 23.85  0.44572E+00    36
 23.86  0.44590E+00    38
 23.87  0.44981E+00    41
 23.88  0.45743E+00    43
 23.89  0.46134E+00    46
 23.90  0.46898E+00    49
 23.91  0.47290E+00    51
 23.92  0.47682E+00    53
 23.93  0.48075E+00    54
 23.94  0.48468E+00    55
 23.95  0.48861E+00    55
 23.96  0.49255E+00    54
 23.97  0.49275E+00    53
 23.98  0.49669E+00    52
 23.99  0.50064E+00    51
 24.00  0.50458E+00    50
 24.01  0.50853E+00    49
 24.02  0.51623E+00    48
 24.03  0.52018E+00    47
 24.04  0.52789E+00    45
 24.05  0.53560E+00    44
 24.06  0.53957E+00    43
 24.07  0.54354E+00    41
 24.08  0.54377E+00    39
 24.09  0.54774E+00    37
 24.10  0.54797E+00    36
 24.11  0.54820E+00    34
 24.12  0.54843E+00    34
 24.13  0.54865E+00    34
 24.14  0.54888E+00    34
 24.15  0.54911E+00    35
 24.16  0.55310E+00    37
 24.17  0.55709E+00    38
 24.18  0.56109E+00    40
 24.19  0.56509E+00    42
 24.20  0.56909E+00    43
 24.21  0.56932E+00    44
 24.22  0.56956E+00    45
 24.23  0.56979E+00    45
 24.24  0.56625E+00    44
 24.25  0.56649E+00    43
 24.26  0.56294E+00    42
 24.27  0.55940E+00    40
 24.28  0.55585E+00    39
 24.29  0.55607E+00    38
 24.30  0.55252E+00    37
 24.31  0.55275E+00    36
 24.32  0.55676E+00    36
 24.33  0.56078E+00    36
 24.34  0.56101E+00    36
 24.35  0.56503E+00    37
 24.36  0.56526E+00    37
 24.37  0.56929E+00    37
 24.38  0.56953E+00    38
 24.39  0.56976E+00    38
 24.40  0.56999E+00    38
 24.41  0.56642E+00    38
 24.42  0.56666E+00    39
 24.43  0.56308E+00    39
 24.44  0.56331E+00    39
 24.45  0.56354E+00    39
 24.46  0.55997E+00    39
 24.47  0.56019E+00    39
 24.48  0.56042E+00    40
 24.49  0.55684E+00    41
 24.50  0.55707E+00    42
 24.51  0.55348E+00    43
 24.52  0.54988E+00    44
 24.53  0.54285E+00    46
 24.54  0.53925E+00    47
 24.55  0.53182E+00    47
 24.56  0.52439E+00    47
 24.57  0.51695E+00    46
 24.58  0.50950E+00    45
 24.59  0.50205E+00    43
 24.60  0.49459E+00    42
 24.61  0.49096E+00    40
 24.62  0.48733E+00    39
 24.63  0.48369E+00    38
 24.64  0.48389E+00    38
 24.65  0.48408E+00    38
 24.66  0.48044E+00    38
 24.67  0.48063E+00    39
 24.68  0.48083E+00    39
 24.69  0.47718E+00    40
 24.70  0.47352E+00    41
 24.71  0.47372E+00    41
 24.72  0.47006E+00    42
 24.73  0.46255E+00    43
 24.74  0.45888E+00    43
 24.75  0.45521E+00    43
 24.76  0.45154E+00    44
 24.77  0.45172E+00    43
 24.78  0.44804E+00    43
 24.79  0.44823E+00    43
 24.80  0.44841E+00    42
 24.81  0.44859E+00    42
 24.82  0.44877E+00    41
 24.83  0.44508E+00    41
 24.84  0.44526E+00    41
 24.85  0.44157E+00    41
 24.86  0.43788E+00    41
 24.87  0.43418E+00    41
 24.88  0.42660E+00    42
 24.89  0.42290E+00    42
 24.90  0.41919E+00    42
 24.91  0.41548E+00    41
 24.92  0.41177E+00    41
 24.93  0.40805E+00    41
 24.94  0.40821E+00    42
 24.95  0.40449E+00    43
 24.96  0.40077E+00    44
 24.97  0.40093E+00    45
 24.98  0.39720E+00    47
 24.99  0.39346E+00    48
 25.00  0.38934E+00    49
 25.01  0.38529E+00    50
 25.02  0.37921E+00    50
 25.03  0.37277E+00    50
 25.04  0.36629E+00    50
 25.05  0.35945E+00    51
 25.06  0.35261E+00    51
 25.07  0.34572E+00    51
 25.08  0.34004E+00    52
 25.09  0.33514E+00    54
 25.10  0.33023E+00    55
 25.11  0.32645E+00    55
 25.12  0.32345E+00    55
 25.13  0.32045E+00    55
 25.14  0.31780E+00    54
 25.15  0.31553E+00    52
 25.16  0.31327E+00    51
 25.17  0.31100E+00    50
 25.18  0.30916E+00    50
 25.19  0.30693E+00    50
 25.20  0.30509E+00    50
 25.21  0.30329E+00    52
 25.22  0.30188E+00    54
 25.23  0.30047E+00    56
 25.24  0.29984E+00    59
 25.25  0.29921E+00    61
 25.26  0.29897E+00    63
 25.27  0.29949E+00    64
 25.28  0.30000E+00    65
 25.29  0.30012E+00    66
 25.30  0.30024E+00    66
 25.31  0.30036E+00    66
 25.32  0.30008E+00    66
 25.33  0.29823E+00    65
 25.34  0.29673E+00    65
 25.35  0.29447E+00    64
 25.36  0.29143E+00    63
 25.37  0.28834E+00    62
 25.38  0.28530E+00    61
 25.39  0.28225E+00    60
 25.40  0.27915E+00    59
 25.41  0.27649E+00    58
 25.42  0.27423E+00    58
 25.43  0.27196E+00    58
 25.44  0.26969E+00    58
 25.45  0.26742E+00    58
 25.46  0.26439E+00    59
 25.47  0.26172E+00    59
 25.48  0.25749E+00    60
 25.49  0.25247E+00    61
 25.50  0.24781E+00    61
 25.51  0.24198E+00    62
 25.52  0.23536E+00    62
 25.53  0.22913E+00    63
 25.54  0.22290E+00    64
 25.55  0.21745E+00    65
 25.56  0.21201E+00    66
 25.57  0.20731E+00    67
 25.58  0.20425E+00    68
 25.59  0.20154E+00    68
 25.60  0.19886E+00    69
 25.61  0.19695E+00    69
 25.62  0.19503E+00    70
 25.63  0.19315E+00    70
 25.64  0.19003E+00    71
 25.65  0.18615E+00    72
 25.66  0.18267E+00    73
 25.67  0.17758E+00    74
 25.68  0.17173E+00    75
 25.69  0.16548E+00    77
 25.70  0.15918E+00    78
 25.71  0.15247E+00    79
 25.72  0.14580E+00    81
 25.73  0.13949E+00    82
 25.74  0.13473E+00    82
 25.75  0.12957E+00    83
 25.76  0.12521E+00    83
 25.77  0.12333E+00    85
 25.78  0.12141E+00    86
 25.79  0.11953E+00    88
 25.80  0.11966E+00    90
 25.81  0.11982E+00    93
 25.82  0.12035E+00    95
 25.83  0.12128E+00    98
 25.84  0.12258E+00    99
 25.85  0.12432E+00   101
 25.86  0.12561E+00   102
 25.87  0.12763E+00   102
 25.88  0.12930E+00   102
 25.89  0.13132E+00   102
 25.90  0.13331E+00   101
 25.91  0.13530E+00   100
 25.92  0.13733E+00    99
 25.93  0.13855E+00    99
 25.94  0.14018E+00    98
 25.95  0.14145E+00    99
 25.96  0.14191E+00    99
 25.97  0.14232E+00   100
 25.98  0.14242E+00   100
 25.99  0.14207E+00   101
 26.00  0.14095E+00   103
 26.01  0.13942E+00   104
 26.02  0.13794E+00   106
 26.03  0.13560E+00   108
 26.04  0.13330E+00   110
 26.05  0.13100E+00   112
 26.06  0.12833E+00   114
 26.07  0.12562E+00   117
 26.08  0.12294E+00   119
 26.09  0.12068E+00   122
 26.10  0.11840E+00   125
 26.11  0.11617E+00   129
 26.12  0.11394E+00   132
 26.13  0.11174E+00   136
 26.14  0.10987E+00   139
 26.15  0.10760E+00   142
 26.16  0.10531E+00   144
 26.17  0.10299E+00   146
 26.18  0.10034E+00   149
 26.19  0.97196E-01   151
 26.20  0.93969E-01   152
 26.21  0.90821E-01   153
 26.22  0.87589E-01   154
 26.23  0.84681E-01   153
 26.24  0.81771E-01   153
 26.25  0.79227E-01   151
 26.26  0.77866E-01   148
 26.27  0.76832E-01   144
 26.28  0.75470E-01   141
 26.29  0.76154E-01   139
 26.30  0.76510E-01   137
 26.31  0.77236E-01   135
 26.32  0.78085E-01   135
 26.33  0.78976E-01   136
 26.34  0.79867E-01   138
 26.35  0.80349E-01   140
 26.36  0.80790E-01   140
 26.37  0.80862E-01   142
 26.38  0.80934E-01   143
 26.39  0.80964E-01   144
 26.40  0.80625E-01   145
 26.41  0.80244E-01   146
 26.42  0.80316E-01   147
 26.43  0.80346E-01   148
 26.44  0.80377E-01   149
 26.45  0.80448E-01   150
 26.46  0.80561E-01   152
 26.47  0.80674E-01   154
 26.48  0.80746E-01   156
 26.49  0.79662E-01   160
 26.50  0.78619E-01   164
 26.51  0.77534E-01   168
 26.52  0.75746E-01   173
 26.53  0.73089E-01   178
 26.54  0.70430E-01   184
 26.55  0.67810E-01   190
 26.56  0.65106E-01   194
 26.57  0.62027E-01   199
 26.58  0.59277E-01   203
 26.59  0.56152E-01   208
 26.60  0.53646E-01   210
 26.61  0.50848E-01   213
 26.62  0.48090E-01   218
 26.63  0.45288E-01   228
 26.64  0.42525E-01   236
 26.65  0.39719E-01   246
 26.66  0.37043E-01   264
 26.67  0.34370E-01   284
 26.68  0.31620E-01   304
 26.69  0.29591E-01   333
 26.70  0.29298E-01   378
 26.71  0.28673E-01   418
 26.72  0.27572E-01   453
 26.73  0.99783E-01   680
 26.74  0.11111E+00   699
 26.75  0.11090E+00   703
 26.76  0.11211E+00   707
 26.77  0.10844E+00   707
 26.78  0.10477E+00   707
 26.79  0.10147E+00   707
 26.80  0.98166E-01   707
 26.81  0.94862E-01   707
 26.82  0.91640E-01   707
 26.83  0.87955E-01   707
 26.84  0.84100E-01   707
 26.85  0.80410E-01   707
 26.86  0.76885E-01   707
 26.87  0.73482E-01   707
 26.88  0.70328E-01   707
 26.89  0.67255E-01   707
 26.90  0.64306E-01   707
 26.91  0.61564E-01   707
 26.92  0.58903E-01   707
 26.93  0.56367E-01   707
 26.94  0.53954E-01   707
 26.95  0.51540E-01   707
 26.96  0.49250E-01   707
 26.97  0.47084E-01   707
 26.98  0.44959E-01   707
 26.99  0.42874E-01   707
 27.00  0.40354E-01   706
 27.01  0.37446E-01   706
 27.02  0.34556E-01   704
 27.03  0.30296E-01   683
 27.04  0.18525E-01   416
 27.05  0.19858E-01   385
 27.06  0.21391E-01   350
 27.07  0.23199E-01   313
 27.08  0.24528E-01   305
 27.09  0.25879E-01   296
 27.10  0.27247E-01   288
 27.11  0.28186E-01   283
 27.12  0.28682E-01   281
 27.13  0.29086E-01   280
 27.14  0.29515E-01   278
 27.15  0.29382E-01   278
 27.16  0.29266E-01   276
 27.17  0.29129E-01   274
 27.18  0.28847E-01   271
 27.19  0.28481E-01   267
 27.20  0.28161E-01   263
 27.21  0.27862E-01   258
 27.22  0.27279E-01   255
 27.23  0.26551E-01   253
 27.24  0.25903E-01   251
 27.25  0.25013E-01   250
 27.26  0.23248E-01   255
 27.27  0.21494E-01   260
 27.28  0.19845E-01   265
 27.29  0.17468E-01   278
 27.30  0.14859E-01   295
 27.31  0.12496E-01   311
 27.32  0.10186E-01   331
 27.33  0.60779E-02   412
 27.34  0.36136E-02   477
 27.35  0.21906E-02   526
 27.36  0.16946E-02   500
 27.37  0.26696E-03   321
 27.38  0.44431E-03   707
 27.39  0.37452E-03   707
 27.40  0.31483E-03   707
 27.41  0.26607E-03   707
 27.42  0.22355E-03   707
 27.43  0.18877E-03   707
 27.44  0.15948E-03   707
 27.45  0.13389E-03   707
 27.46  0.11260E-03   707
 27.47  0.94716E-04   707
 27.48  0.79644E-04   707
 27.49  0.66872E-04   707
 27.50  0.56318E-04   707
 27.51  0.47341E-04   707
 27.52  0.39764E-04   707
 27.53  0.33420E-04   707
 27.54  0.30353E-04   707
 27.55  0.28425E-04   707
 27.56  0.26577E-04   707
 27.57  0.24886E-04   707
 27.58  0.23198E-04   707
 27.59  0.21742E-04   707
 27.60  0.20361E-04   707
 27.61  0.19057E-04   707
 27.62  0.17834E-04   707
 27.63  0.16687E-04   707
 27.64  0.15617E-04   707
 27.65  0.14546E-04   707
 27.66  0.13608E-04   707
 27.67  0.12725E-04   707
 27.68  0.11911E-04   707
 27.69  0.11113E-04   707
 27.70  0.10371E-04   707
 27.71  0.97054E-05   707
 27.72  0.20609E-04   658
 27.73  0.31029E-04   642
 27.74  0.74738E-04   597
 27.75  0.37836E-03   502
 27.76  0.34715E-02   332
 27.77  0.46232E-02   314
 27.78  0.60612E-02   295
 27.79  0.77859E-02   276
 27.80  0.91135E-02   265
 27.81  0.94632E-02   265
 27.82  0.97179E-02   267
 27.83  0.10068E-01   267
 27.84  0.10176E-01   269
 27.85  0.10201E-01   272
 27.86  0.10235E-01   275
 27.87  0.10282E-01   278
 27.88  0.10225E-01   281
 27.89  0.10216E-01   284
 27.90  0.10215E-01   286
 27.91  0.10058E-01   290
 27.92  0.92572E-02   298
 27.93  0.85689E-02   306
 27.94  0.79019E-02   313
 27.95  0.66076E-02   329
 27.96  0.48464E-02   354
 27.97  0.35244E-02   379
 27.98  0.25783E-02   402
 27.99  0.57147E-03   519
 28.00  0.15960E-03   604
 28.05  0.38429E-04   707
 28.10  0.46562E-04   707
 28.15  0.50328E-04   707
 28.20  0.54545E-04   707
 28.25  0.59438E-04   707
 28.30  0.62452E-04   707
 28.35  0.61370E-04   707
 28.40  0.60947E-04   707
 28.45  0.60745E-04   707
 28.50  0.56191E-04   707
 28.55  0.48420E-04   707
