# Relative Spectral Response per erg (Equal-Energy); Jarrett et al. 2011
#  W3     RSR     uncertainty (parts per thousand)
  2.53  0.32831E-15   342
  2.54  0.10744E-14   343
  2.55  0.17799E-13   344
  2.56  0.17906E-14   342
  2.57  0.97118E-15   343
  2.58  0.72814E-14   342
  2.59  0.10065E-17   343
  2.60  0.29278E-14   341
  2.61  0.45167E-14   340
  2.62  0.12278E-13   340
  2.63  0.62316E-14   339
  2.64  0.15514E-14   339
  2.65  0.27638E-14   340
  2.66  0.17165E-15   339
  2.67  0.69638E-14   337
  2.68  0.54278E-14   337
  2.69  0.74235E-14   337
  2.70  0.42715E-14   336
  2.71  0.21035E-14   336
  2.72  0.34696E-14   336
  2.73  0.39301E-13   336
  2.74  0.79134E-14   335
  2.75  0.60450E-14   334
  2.76  0.91664E-13   334
  2.77  0.55325E-14   334
  2.78  0.72095E-14   333
  2.79  0.28689E-15   333
  2.80  0.15496E-15   333
  2.81  0.28659E-16   332
  2.82  0.84463E-15   332
  2.83  0.10755E-14   331
  2.84  0.97267E-14   331
  2.85  0.39020E-14   330
  2.86  0.14669E-14   330
  2.87  0.13024E-14   329
  2.88  0.13321E-14   329
  2.89  0.14504E-13   328
  2.90  0.15853E-13   329
  2.91  0.70675E-13   327
  2.92  0.47575E-15   327
  2.93  0.13605E-13   327
  2.94  0.10776E-13   326
  2.95  0.10060E-13   325
  2.96  0.18121E-14   326
  2.97  0.10495E-14   325
  2.98  0.15108E-15   324
  2.99  0.77197E-13   342
  3.00  0.19087E-12   341
  3.01  0.87626E-15   322
  3.02  0.17444E-13   322
  3.03  0.84666E-14   322
  3.04  0.10577E-14   321
  3.05  0.15006E-13   321
  3.06  0.19761E-15   320
  3.07  0.65968E-14   320
  3.08  0.84541E-12   337
  3.09  0.84205E-12   337
  3.10  0.52065E-14   319
  3.11  0.21707E-13   318
  3.12  0.12956E-13   318
  3.13  0.33963E-15   317
  3.14  0.52013E-14   317
  3.15  0.22033E-14   317
  3.16  0.33816E-14   316
  3.17  0.21970E-13   316
  3.18  0.41968E-13   316
  3.19  0.50209E-14   315
  3.20  0.12814E-13   315
  3.21  0.23177E-14   315
  3.22  0.19946E-13   313
  3.23  0.40053E-13   313
  3.24  0.64232E-14   312
  3.25  0.37898E-14   312
  3.26  0.13956E-13   312
  3.27  0.60304E-13   312
  3.28  0.12854E-13   311
  3.29  0.23657E-13   311
  3.30  0.13410E-13   309
  3.31  0.37960E-13   309
  3.32  0.12054E-12   309
  3.33  0.11153E-12   309
  3.34  0.15135E-13   309
  3.35  0.32506E-13   308
  3.36  0.40072E-14   308
  3.37  0.10288E-12   306
  3.38  0.17993E-13   306
  3.39  0.92771E-14   307
  3.40  0.23530E-13   306
  3.41  0.22038E-13   306
  3.42  0.10699E-13   306
  3.43  0.20891E-16   305
  3.44  0.11102E-13   305
  3.45  0.20723E-13   304
  3.46  0.62270E-14   304
  3.47  0.85476E-14   302
  3.48  0.14566E-12   302
  3.49  0.88669E-14   302
  3.50  0.75207E-13   301
  3.51  0.10276E-12   300
  3.52  0.24227E-13   301
  3.53  0.27045E-12   302
  3.54  0.14823E-13   301
  3.55  0.90778E-13   299
  3.56  0.36748E-12   313
  3.57  0.33982E-14   298
  3.58  0.30199E-13   298
  3.59  0.20293E-14   297
  3.60  0.46876E-13   298
  3.61  0.11359E-13   297
  3.62  0.51041E-13   296
  3.63  0.89776E-12   309
  3.64  0.22440E-13   294
  3.65  0.15734E-11   307
  3.66  0.80393E-12   309
  3.67  0.12201E-11   306
  3.68  0.24686E-11   306
  3.69  0.83239E-12   306
  3.70  0.16260E-14   293
  3.71  0.10727E-13   292
  3.72  0.55593E-14   291
  3.73  0.45013E-13   290
  3.74  0.71743E-12   303
  3.75  0.17752E-13   290
  3.76  0.95963E-14   290
  3.77  0.47041E-13   289
  3.78  0.54560E-12   301
  3.79  0.47341E-13   288
  3.80  0.17163E-12   287
  3.81  0.12892E-11   299
  3.82  0.34746E-13   287
  3.83  0.21360E-14   287
  3.84  0.11059E-11   297
  3.85  0.73726E-13   285
  3.86  0.59414E-12   297
  3.87  0.29300E-13   284
  3.88  0.74301E-12   296
  3.89  0.15103E-13   284
  3.90  0.21069E-13   283
  3.91  0.10526E-13   283
  3.92  0.15762E-13   282
  3.93  0.63565E-12   294
  3.94  0.10108E-12   282
  3.95  0.87153E-12   293
  3.96  0.12102E-11   293
  3.97  0.67134E-13   281
  3.98  0.58594E-13   280
  3.99  0.28848E-12   280
  4.00  0.87203E-13   280
  4.01  0.37306E-12   291
  4.02  0.18779E-13   280
  4.03  0.16994E-12   290
  4.04  0.11182E-11   290
  4.05  0.16658E-14   278
  4.06  0.67787E-13   279
  4.07  0.11386E-13   277
  4.08  0.12254E-12   289
  4.09  0.29437E-12   288
  4.10  0.34963E-12   288
  4.11  0.10787E-13   276
  4.12  0.15698E-12   276
  4.13  0.18062E-13   276
  4.14  0.10702E-13   276
  4.15  0.23226E-12   287
  4.16  0.13282E-12   275
  4.17  0.10601E-13   275
  4.18  0.35563E-13   273
  4.19  0.50536E-13   272
  4.20  0.23105E-13   273
  4.21  0.53959E-12   284
  4.22  0.60772E-13   272
  4.23  0.48393E-12   283
  4.24  0.96624E-14   272
  4.25  0.57201E-12   283
  4.26  0.35072E-12   283
  4.27  0.43345E-12   281
  4.28  0.14271E-12   281
  4.29  0.15879E-12   281
  4.30  0.15810E-13   269
  4.31  0.64609E-12   280
  4.32  0.57468E-12   280
  4.33  0.42914E-14   269
  4.34  0.35130E-12   279
  4.35  0.72772E-12   278
  4.36  0.48710E-13   268
  4.37  0.15600E-12   267
  4.38  0.83587E-13   268
  4.39  0.22459E-13   267
  4.40  0.63495E-12   277
  4.41  0.16970E-11   275
  4.42  0.62655E-13   265
  4.43  0.10073E-11   276
  4.44  0.24499E-11   275
  4.45  0.29873E-12   264
  4.46  0.16523E-12   264
  4.47  0.10650E-12   264
  4.48  0.37783E-13   263
  4.49  0.10861E-12   264
  4.50  0.89878E-13   262
  4.51  0.10812E-12   263
  4.52  0.13560E-12   262
  4.53  0.15537E-11   272
  4.54  0.92472E-12   271
  4.55  0.27136E-13   261
  4.56  0.28997E-11   269
  4.57  0.20678E-12   260
  4.58  0.15648E-12   260
  4.59  0.10619E-12   260
  4.60  0.22299E-11   269
  4.61  0.18157E-11   268
  4.62  0.22533E-12   258
  4.63  0.18449E-11   268
  4.64  0.31913E-11   267
  4.65  0.23054E-13   258
  4.66  0.26418E-14   258
  4.67  0.21200E-13   258
  4.68  0.17654E-11   265
  4.69  0.89812E-13   257
  4.70  0.10687E-12   255
  4.71  0.75840E-13   256
  4.72  0.32455E-13   255
  4.73  0.37586E-13   255
  4.74  0.16796E-13   255
  4.75  0.71596E-12   263
  4.76  0.14617E-12   253
  4.77  0.46426E-13   253
  4.78  0.13711E-11   262
  4.79  0.10648E-12   253
  4.80  0.98162E-13   253
  4.81  0.80864E-13   252
  4.82  0.33968E-11   261
  4.83  0.12518E-13   251
  4.84  0.12066E-11   260
  4.85  0.44881E-11   258
  4.86  0.38739E-11   259
  4.87  0.16968E-12   251
  4.88  0.29506E-12   249
  4.89  0.35774E-12   250
  4.90  0.67249E-13   249
  4.91  0.78357E-13   249
  4.92  0.81336E-13   248
  4.93  0.60314E-11   256
  4.94  0.48650E-11   256
  4.95  0.47265E-11   255
  4.96  0.10021E-10   255
  4.97  0.14616E-10   254
  4.98  0.94382E-11   254
  4.99  0.18684E-12   246
  5.00  0.14663E-10   253
  5.01  0.90248E-11   253
  5.02  0.58687E-11   251
  5.03  0.18544E-11   244
  5.04  0.49693E-11   244
  5.05  0.86894E-10   251
  5.06  0.15672E-09   251
  5.07  0.10752E-10   243
  5.08  0.22526E-10   243
  5.09  0.94790E-11   243
  5.10  0.90778E-10   249
  5.11  0.45217E-07    79
  5.12  0.44530E-07    78
  5.13  0.47911E-07    77
  5.14  0.34158E-07    76
  5.15  0.34895E-07    76
  5.16  0.32278E-07    75
  5.17  0.30016E-07    75
  5.18  0.27814E-07    76
  5.19  0.41524E-07    76
  5.20  0.39789E-07    77
  5.21  0.30660E-07    77
  5.22  0.26267E-07    78
  5.23  0.26903E-07    78
  5.24  0.28205E-07    79
  5.25  0.41719E-07    79
  5.26  0.34557E-07    79
  5.27  0.35231E-07    78
  5.28  0.38575E-07    78
  5.29  0.43744E-07    77
  5.30  0.35143E-07    76
  5.31  0.47065E-07    75
  5.32  0.50570E-07    74
  5.33  0.53088E-07    73
  5.34  0.48000E-07    72
  5.35  0.49825E-07    72
  5.36  0.32628E-07    71
  5.37  0.37712E-07    70
  5.38  0.46339E-07    70
  5.39  0.47606E-07    70
  5.40  0.47143E-07    71
  5.41  0.47684E-07    71
  5.42  0.36894E-07    71
  5.43  0.33689E-07    71
  5.44  0.45674E-07    70
  5.45  0.56571E-07    70
  5.46  0.55389E-07    69
  5.47  0.62687E-07    69
  5.48  0.64670E-07    68
  5.49  0.63260E-07    67
  5.50  0.63611E-07    66
  5.51  0.64525E-07    66
  5.52  0.65523E-07    66
  5.53  0.65988E-07    65
  5.54  0.65597E-07    66
  5.55  0.66007E-07    66
  5.56  0.66309E-07    67
  5.57  0.66520E-07    68
  5.58  0.66778E-07    69
  5.59  0.66014E-07    70
  5.60  0.65828E-07    70
  5.61  0.65391E-07    72
  5.62  0.67034E-07    73
  5.63  0.67237E-07    75
  5.64  0.65676E-07    76
  5.65  0.65104E-07    76
  5.66  0.64408E-07    74
  5.67  0.64438E-07    73
  5.68  0.63223E-07    71
  5.69  0.61405E-07    70
  5.70  0.61118E-07    68
  5.71  0.63087E-07    67
  5.72  0.61964E-07    66
  5.73  0.61987E-07    65
  5.74  0.64241E-07    64
  5.75  0.66483E-07    65
  5.76  0.67898E-07    66
  5.77  0.68377E-07    66
  5.78  0.67249E-07    65
  5.79  0.69872E-07    64
  5.80  0.70700E-07    65
  5.81  0.72247E-07    65
  5.82  0.75620E-07    66
  5.83  0.76336E-07    66
  5.84  0.75947E-07    65
  5.85  0.77638E-07    64
  5.86  0.76063E-07    64
  5.87  0.76656E-07    65
  5.88  0.77639E-07    66
  5.89  0.80477E-07    66
  5.90  0.78739E-07    65
  5.91  0.78677E-07    64
  5.92  0.78830E-07    64
  5.93  0.81922E-07    65
  5.94  0.82647E-07    65
  5.95  0.84667E-07    65
  5.96  0.86389E-07    64
  5.97  0.89060E-07    65
  5.98  0.87309E-07    66
  5.99  0.90000E-07    66
  6.00  0.88431E-07    67
  6.01  0.89271E-07    68
  6.02  0.91868E-07    68
  6.03  0.92736E-07    69
  6.04  0.97086E-07    72
  6.05  0.97267E-07    73
  6.06  0.93816E-07    73
  6.07  0.98128E-07    72
  6.08  0.97379E-07    71
  6.09  0.10349E-06    71
  6.10  0.10757E-06    70
  6.11  0.11328E-06    71
  6.12  0.12203E-06    72
  6.13  0.14272E-06    71
  6.14  0.16712E-06    74
  6.15  0.20972E-06    78
  6.16  0.25935E-06    84
  6.17  0.34034E-06    95
  6.18  0.45669E-06   114
  6.19  0.63600E-06   140
  6.20  0.88459E-06   170
  6.21  0.11146E-05   219
  6.22  0.12608E-05   267
  6.23  0.16967E-05   301
  6.24  0.13172E-05   308
  6.25  0.19018E-05   282
  6.26  0.16173E-05   306
  6.27  0.16395E-05   339
  6.28  0.20495E-05   357
  6.29  0.12056E-05   444
  6.30  0.14699E-05   478
  6.31  0.11242E-05   523
  6.32  0.65435E-06   527
  6.33  0.85853E-06   485
  6.34  0.16348E-05   429
  6.35  0.10078E-05   465
  6.36  0.65556E-08   907
  6.37  0.22121E-06   701
  6.38  0.60940E-08   919
  6.39  0.15256E-05   405
  6.40  0.18410E-05   380
  6.41  0.13700E-05   444
  6.42  0.11914E-05   492
  6.43  0.20688E-05   496
  6.44  0.13806E-07   931
  6.45  0.38945E-06   700
  6.46  0.44271E-08   910
  6.47  0.62035E-06   515
  6.48  0.35808E-06   566
  6.49  0.19716E-06   614
  6.50  0.13550E-06   641
  6.51  0.15307E-05   680
  6.52  0.43565E-05   562
  6.53  0.33740E-05   562
  6.54  0.62856E-06   680
  6.55  0.28559E-06   680
  6.56  0.51934E-07   707
  6.57  0.62095E-10  1000
  6.58  0.49091E-10  1000
  6.59  0.39118E-10  1000
  6.60  0.32428E-10  1000
  6.61  0.30214E-10  1000
  6.62  0.32276E-10  1000
  6.63  0.70872E-07   707
  6.64  0.43514E-07   707
  6.65  0.55701E-10  1000
  6.66  0.66894E-10  1000
  6.67  0.74759E-10  1000
  6.68  0.80272E-10  1000
  6.69  0.84027E-10  1000
  6.70  0.16250E-06   707
  6.71  0.75417E-10  1000
  6.72  0.63580E-10  1000
  6.73  0.13542E-06   562
  6.74  0.35369E-05   562
  6.75  0.43346E-06   679
  6.76  0.32703E-05   563
  6.77  0.31658E-05   563
  6.78  0.86854E-06   680
  6.79  0.51038E-05   562
  6.80  0.13324E-05   680
  6.81  0.69118E-05   562
  6.82  0.13127E-04   563
  6.83  0.99112E-05   562
  6.84  0.12513E-04   562
  6.85  0.93876E-05   562
  6.86  0.26929E-05   680
  6.87  0.29106E-05   680
  6.88  0.11123E-04   562
  6.89  0.14646E-04   562
  6.90  0.19871E-04   563
  6.91  0.35476E-05   680
  6.92  0.19302E-04   562
  6.93  0.35008E-05   681
  6.94  0.34659E-05   680
  6.95  0.34617E-05   680
  6.96  0.35045E-05   680
  6.97  0.37609E-05   680
  6.98  0.13091E-04   562
  6.99  0.39305E-05   680
  7.00  0.34740E-05   681
  7.01  0.12674E-04   562
  7.02  0.72267E-08  1000
  7.03  0.94838E-08  1000
  7.04  0.60139E-06   707
  7.05  0.16020E-07  1000
  7.06  0.27214E-05   707
  7.07  0.27206E-07  1000
  7.08  0.35160E-07  1000
  7.09  0.45483E-07  1000
  7.10  0.50060E-05   707
  7.11  0.76225E-07  1000
  7.12  0.99885E-07  1000
  7.13  0.13149E-06  1000
  7.14  0.17376E-06  1000
  7.15  0.23452E-06  1000
  7.16  0.11762E-04   707
  7.17  0.44060E-06  1000
  7.18  0.61607E-06  1000
  7.19  0.86767E-06  1000
  7.20  0.28062E-04   707
  7.21  0.17202E-02   245
  7.22  0.16953E-02   241
  7.23  0.21202E-02   194
  7.24  0.22305E-02   211
  7.25  0.20557E-02   236
  7.26  0.21601E-02   202
  7.27  0.19177E-02   223
  7.28  0.11553E-02   300
  7.29  0.16445E-02   277
  7.30  0.26889E-02   157
  7.31  0.33714E-02   106
  7.32  0.35918E-02   154
  7.33  0.35219E-02   157
  7.34  0.37744E-02   138
  7.35  0.36840E-02   123
  7.36  0.33351E-02   128
  7.37  0.33336E-02   152
  7.38  0.31728E-02   143
  7.39  0.33791E-02   119
  7.40  0.36603E-02   152
  7.41  0.42789E-02   198
  7.42  0.54307E-02   185
  7.43  0.71141E-02   131
  7.44  0.92516E-02    83
  7.45  0.11710E-01    58
  7.46  0.14421E-01    54
  7.47  0.17429E-01    62
  7.48  0.21233E-01    72
  7.49  0.26207E-01    84
  7.50  0.33257E-01    95
  7.51  0.43132E-01   105
  7.52  0.56946E-01   113
  7.53  0.75682E-01   118
  7.54  0.10010E+00   118
  7.55  0.12979E+00   112
  7.56  0.16432E+00   103
  7.57  0.20006E+00    90
  7.58  0.23102E+00    75
  7.59  0.25482E+00    58
  7.60  0.26893E+00    42
  7.61  0.27304E+00    29
  7.62  0.26850E+00    20
  7.63  0.25881E+00    15
  7.64  0.24657E+00    13
  7.65  0.23555E+00    13
  7.66  0.22577E+00    12
  7.67  0.21849E+00    13
  7.68  0.21245E+00    15
  7.69  0.20893E+00    14
  7.70  0.20793E+00    14
  7.71  0.20820E+00    14
  7.72  0.20847E+00    13
  7.73  0.21001E+00    13
  7.74  0.21156E+00    13
  7.75  0.21183E+00    15
  7.76  0.21338E+00    15
  7.77  0.21494E+00    14
  7.78  0.21778E+00    12
  7.79  0.22190E+00    12
  7.80  0.22604E+00    12
  7.81  0.23019E+00    11
  7.82  0.23435E+00    10
  7.83  0.23852E+00    10
  7.84  0.24269E+00    11
  7.85  0.24559E+00    12
  7.86  0.24849E+00    13
  7.87  0.25010E+00    13
  7.88  0.25172E+00    13
  7.89  0.25333E+00    13
  7.90  0.25626E+00    14
  7.91  0.25788E+00    15
  7.92  0.26082E+00    17
  7.93  0.26637E+00    18
  7.94  0.27063E+00    18
  7.95  0.27621E+00    16
  7.96  0.28311E+00    15
  7.97  0.29134E+00    13
  7.98  0.29959E+00    13
  7.99  0.30654E+00    15
  8.00  0.31219E+00    15
  8.01  0.31654E+00    16
  8.02  0.32090E+00    17
  8.03  0.32394E+00    18
  8.04  0.32699E+00    17
  8.05  0.32872E+00    15
  8.06  0.32913E+00    13
  8.07  0.33087E+00    12
  8.08  0.33128E+00    13
  8.09  0.33435E+00    13
  8.10  0.33610E+00    15
  8.11  0.33651E+00    15
  8.12  0.33693E+00    16
  8.13  0.33601E+00    16
  8.14  0.33374E+00    16
  8.15  0.33146E+00    18
  8.16  0.32784E+00    20
  8.17  0.32421E+00    19
  8.18  0.32191E+00    16
  8.19  0.32095E+00    15
  8.20  0.31865E+00    15
  8.21  0.31768E+00    16
  8.22  0.31536E+00    17
  8.23  0.31439E+00    18
  8.24  0.31342E+00    18
  8.25  0.31108E+00    19
  8.26  0.30738E+00    21
  8.27  0.30230E+00    22
  8.28  0.29721E+00    21
  8.29  0.29211E+00    19
  8.30  0.29110E+00    18
  8.31  0.29145E+00    19
  8.32  0.29180E+00    19
  8.33  0.29352E+00    18
  8.34  0.29387E+00    17
  8.35  0.29285E+00    17
  8.36  0.29183E+00    18
  8.37  0.29218E+00    19
  8.38  0.29390E+00    19
  8.39  0.29702E+00    18
  8.40  0.30014E+00    18
  8.41  0.30188E+00    18
  8.42  0.30501E+00    17
  8.43  0.30815E+00    17
  8.44  0.31130E+00    18
  8.45  0.31445E+00    18
  8.46  0.31900E+00    18
  8.47  0.32356E+00    19
  8.48  0.32813E+00    19
  8.49  0.33271E+00    19
  8.50  0.33730E+00    19
  8.51  0.34190E+00    20
  8.52  0.34511E+00    21
  8.53  0.34832E+00    21
  8.54  0.35154E+00    21
  8.55  0.35477E+00    21
  8.56  0.35801E+00    21
  8.57  0.35984E+00    21
  8.58  0.36167E+00    21
  8.59  0.36209E+00    21
  8.60  0.36109E+00    22
  8.61  0.36010E+00    23
  8.62  0.35910E+00    25
  8.63  0.35809E+00    26
  8.64  0.35566E+00    27
  8.65  0.35465E+00    26
  8.66  0.35363E+00    25
  8.67  0.35261E+00    24
  8.68  0.35159E+00    25
  8.69  0.34913E+00    26
  8.70  0.34810E+00    26
  8.71  0.34563E+00    24
  8.72  0.34460E+00    23
  8.73  0.34355E+00    23
  8.74  0.33963E+00    24
  8.75  0.33281E+00    23
  8.76  0.31733E+00    23
  8.77  0.29025E+00    22
  8.78  0.25300E+00    22
  8.79  0.21710E+00    22
  8.80  0.19706E+00    22
  8.81  0.20309E+00    22
  8.82  0.22801E+00    22
  8.83  0.26171E+00    21
  8.84  0.29112E+00    22
  8.85  0.31185E+00    22
  8.86  0.32387E+00    23
  8.87  0.33154E+00    23
  8.88  0.33630E+00    24
  8.89  0.34107E+00    23
  8.90  0.34585E+00    23
  8.91  0.35064E+00    24
  8.92  0.35397E+00    23
  8.93  0.35731E+00    23
  8.94  0.35918E+00    22
  8.95  0.35958E+00    21
  8.96  0.36146E+00    21
  8.97  0.36334E+00    21
  8.98  0.36374E+00    22
  8.99  0.36563E+00    22
  9.00  0.36603E+00    23
  9.01  0.36496E+00    23
  9.02  0.36388E+00    23
  9.03  0.36279E+00    22
  9.04  0.36171E+00    22
  9.05  0.36062E+00    22
  9.06  0.36102E+00    22
  9.07  0.36291E+00    22
  9.08  0.36331E+00    21
  9.09  0.36520E+00    21
  9.10  0.36710E+00    21
  9.11  0.37051E+00    22
  9.12  0.37091E+00    22
  9.13  0.37282E+00    21
  9.14  0.37323E+00    21
  9.15  0.37213E+00    20
  9.16  0.37103E+00    20
  9.17  0.36842E+00    20
  9.18  0.36731E+00    21
  9.19  0.36468E+00    23
  9.20  0.36356E+00    24
  9.21  0.36396E+00    24
  9.22  0.36284E+00    24
  9.23  0.36323E+00    22
  9.24  0.36210E+00    20
  9.25  0.36249E+00    19
  9.26  0.35984E+00    18
  9.27  0.36023E+00    18
  9.28  0.35909E+00    18
  9.29  0.35947E+00    18
  9.30  0.36139E+00    18
  9.31  0.36178E+00    18
  9.32  0.36370E+00    18
  9.33  0.36409E+00    18
  9.34  0.36448E+00    18
  9.35  0.36641E+00    18
  9.36  0.36680E+00    17
  9.37  0.36565E+00    17
  9.38  0.36604E+00    16
  9.39  0.36643E+00    16
  9.40  0.36837E+00    16
  9.41  0.36876E+00    17
  9.42  0.37071E+00    17
  9.43  0.37110E+00    17
  9.44  0.37305E+00    16
  9.45  0.37500E+00    16
  9.46  0.37695E+00    16
  9.47  0.37891E+00    16
  9.48  0.38243E+00    15
  9.49  0.38596E+00    15
  9.50  0.38950E+00    15
  9.51  0.39304E+00    15
  9.52  0.39502E+00    16
  9.53  0.39544E+00    16
  9.54  0.39585E+00    17
  9.55  0.39469E+00    17
  9.56  0.39196E+00    18
  9.57  0.39079E+00    18
  9.58  0.38805E+00    18
  9.59  0.38529E+00    18
  9.60  0.38253E+00    16
  9.61  0.37977E+00    14
  9.62  0.37858E+00    13
  9.63  0.37739E+00    13
  9.64  0.37778E+00    14
  9.65  0.37976E+00    15
  9.66  0.38174E+00    16
  9.67  0.38532E+00    17
  9.68  0.38731E+00    17
  9.69  0.39091E+00    16
  9.70  0.39291E+00    16
  9.71  0.39331E+00    15
  9.72  0.39372E+00    13
  9.73  0.39412E+00    11
  9.74  0.39292E+00    10
  9.75  0.39172E+00     9
  9.76  0.39212E+00     9
  9.77  0.39252E+00    10
  9.78  0.39293E+00    11
  9.79  0.39494E+00    12
  9.80  0.39696E+00    12
  9.81  0.39898E+00    13
  9.82  0.40100E+00    14
  9.83  0.40303E+00    14
  9.84  0.40506E+00    14
  9.85  0.40709E+00    14
  9.86  0.40913E+00    14
  9.87  0.41117E+00    15
  9.88  0.41321E+00    15
  9.89  0.41526E+00    15
  9.90  0.41894E+00    13
  9.91  0.42263E+00    11
  9.92  0.42795E+00     8
  9.93  0.43165E+00     6
  9.94  0.43700E+00     6
  9.95  0.44071E+00     6
  9.96  0.44444E+00     5
  9.97  0.44817E+00     6
  9.98  0.45026E+00     8
  9.99  0.45400E+00    10
 10.00  0.45610E+00    12
 10.01  0.45985E+00    13
 10.02  0.46526E+00    13
 10.03  0.46903E+00    13
 10.04  0.47446E+00    12
 10.05  0.48155E+00    12
 10.06  0.48866E+00    11
 10.07  0.49577E+00    11
 10.08  0.50124E+00    11
 10.09  0.50839E+00    11
 10.10  0.51554E+00    11
 10.11  0.52105E+00    13
 10.12  0.52656E+00    14
 10.13  0.53209E+00    15
 10.14  0.53595E+00    16
 10.15  0.53982E+00    16
 10.16  0.54370E+00    16
 10.17  0.54758E+00    15
 10.18  0.54812E+00    13
 10.19  0.54866E+00    12
 10.20  0.54752E+00    11
 10.21  0.54469E+00    11
 10.22  0.54186E+00    12
 10.23  0.53902E+00    12
 10.24  0.53618E+00    12
 10.25  0.53501E+00    11
 10.26  0.53216E+00    10
 10.27  0.52760E+00    10
 10.28  0.52473E+00    11
 10.29  0.52016E+00    12
 10.30  0.51727E+00    13
 10.31  0.51268E+00    13
 10.32  0.51148E+00    13
 10.33  0.51027E+00    12
 10.34  0.50907E+00    11
 10.35  0.50956E+00    10
 10.36  0.51005E+00     9
 10.37  0.51054E+00     9
 10.38  0.51104E+00     9
 10.39  0.50982E+00     9
 10.40  0.50860E+00     9
 10.41  0.50737E+00    10
 10.42  0.50614E+00    12
 10.43  0.50491E+00    13
 10.44  0.50196E+00    14
 10.45  0.50244E+00    15
 10.46  0.50120E+00    15
 10.47  0.50167E+00    15
 10.48  0.50215E+00    15
 10.49  0.50436E+00    14
 10.50  0.50657E+00    13
 10.51  0.50878E+00    13
 10.52  0.51100E+00    12
 10.53  0.51148E+00    12
 10.54  0.51371E+00    12
 10.55  0.51593E+00    12
 10.56  0.51816E+00    12
 10.57  0.52039E+00    12
 10.58  0.52437E+00    11
 10.59  0.52661E+00    11
 10.60  0.53059E+00    10
 10.61  0.53284E+00     9
 10.62  0.53509E+00     9
 10.63  0.53735E+00     9
 10.64  0.53960E+00     9
 10.65  0.54186E+00    10
 10.66  0.54413E+00    10
 10.67  0.54640E+00    10
 10.68  0.55042E+00    10
 10.69  0.55270E+00    11
 10.70  0.55322E+00    13
 10.71  0.55550E+00    14
 10.72  0.55602E+00    16
 10.73  0.55477E+00    17
 10.74  0.55352E+00    18
 10.75  0.55226E+00    18
 10.76  0.55100E+00    19
 10.77  0.54974E+00    19
 10.78  0.54848E+00    19
 10.79  0.54721E+00    17
 10.80  0.54772E+00    15
 10.81  0.54823E+00    13
 10.82  0.55051E+00    11
 10.83  0.55281E+00    10
 10.84  0.55510E+00    10
 10.85  0.55740E+00    10
 10.86  0.55970E+00    12
 10.87  0.56022E+00    13
 10.88  0.55894E+00    14
 10.89  0.55766E+00    14
 10.90  0.55638E+00    13
 10.91  0.55330E+00    13
 10.92  0.55021E+00    13
 10.93  0.54891E+00    13
 10.94  0.54581E+00    13
 10.95  0.54270E+00    14
 10.96  0.54140E+00    14
 10.97  0.54008E+00    15
 10.98  0.53877E+00    15
 10.99  0.53926E+00    17
 11.00  0.53975E+00    18
 11.01  0.54024E+00    20
 11.02  0.54254E+00    21
 11.03  0.54485E+00    22
 11.04  0.54716E+00    22
 11.05  0.54766E+00    21
 11.06  0.54816E+00    21
 11.07  0.54683E+00    19
 11.08  0.54550E+00    18
 11.09  0.54599E+00    17
 11.10  0.54466E+00    17
 11.11  0.54515E+00    16
 11.12  0.54381E+00    15
 11.13  0.54429E+00    15
 11.14  0.54478E+00    15
 11.15  0.54344E+00    16
 11.16  0.54392E+00    16
 11.17  0.54073E+00    17
 11.18  0.53938E+00    17
 11.19  0.53617E+00    18
 11.20  0.53296E+00    17
 11.21  0.52975E+00    17
 11.22  0.52653E+00    17
 11.23  0.52330E+00    16
 11.24  0.52191E+00    15
 11.25  0.52052E+00    15
 11.26  0.51913E+00    15
 11.27  0.51959E+00    15
 11.28  0.52191E+00    16
 11.29  0.52238E+00    16
 11.30  0.52470E+00    16
 11.31  0.52703E+00    16
 11.32  0.53122E+00    17
 11.33  0.53355E+00    17
 11.34  0.53589E+00    18
 11.35  0.53823E+00    18
 11.36  0.54058E+00    17
 11.37  0.54105E+00    17
 11.38  0.54340E+00    16
 11.39  0.54388E+00    15
 11.40  0.54624E+00    14
 11.41  0.54672E+00    14
 11.42  0.54907E+00    14
 11.43  0.55144E+00    14
 11.44  0.55380E+00    14
 11.45  0.55617E+00    14
 11.46  0.55855E+00    14
 11.47  0.56281E+00    14
 11.48  0.56519E+00    13
 11.49  0.56947E+00    13
 11.50  0.57186E+00    14
 11.51  0.57614E+00    15
 11.52  0.58044E+00    16
 11.53  0.58474E+00    17
 11.54  0.58905E+00    17
 11.55  0.59336E+00    18
 11.56  0.59768E+00    18
 11.57  0.60010E+00    18
 11.58  0.60253E+00    19
 11.59  0.60496E+00    19
 11.60  0.60548E+00    18
 11.61  0.60791E+00    18
 11.62  0.60844E+00    17
 11.63  0.61088E+00    15
 11.64  0.61140E+00    14
 11.65  0.61384E+00    14
 11.66  0.61437E+00    14
 11.67  0.61682E+00    14
 11.68  0.61735E+00    15
 11.69  0.61788E+00    16
 11.70  0.61841E+00    16
 11.71  0.61701E+00    16
 11.72  0.61560E+00    16
 11.73  0.61227E+00    16
 11.74  0.60892E+00    17
 11.75  0.60751E+00    17
 11.76  0.60415E+00    18
 11.77  0.60079E+00    19
 11.78  0.59936E+00    20
 11.79  0.59793E+00    21
 11.80  0.59649E+00    22
 11.81  0.59700E+00    22
 11.82  0.59555E+00    22
 11.83  0.59606E+00    21
 11.84  0.59656E+00    20
 11.85  0.59511E+00    20
 11.86  0.59366E+00    19
 11.87  0.59221E+00    18
 11.88  0.59075E+00    16
 11.89  0.58929E+00    15
 11.90  0.58587E+00    15
 11.91  0.58440E+00    14
 11.92  0.58293E+00    14
 11.93  0.58145E+00    15
 11.94  0.57997E+00    16
 11.95  0.58046E+00    16
 11.96  0.57898E+00    17
 11.97  0.57946E+00    18
 11.98  0.57994E+00    19
 11.99  0.57845E+00    21
 12.00  0.57894E+00    22
 12.01  0.57744E+00    22
 12.02  0.57594E+00    23
 12.03  0.57444E+00    23
 12.04  0.57294E+00    23
 12.05  0.57143E+00    22
 12.06  0.56793E+00    21
 12.07  0.56641E+00    20
 12.08  0.56291E+00    19
 12.09  0.56337E+00    18
 12.10  0.56185E+00    17
 12.11  0.56231E+00    17
 12.12  0.56277E+00    18
 12.13  0.56524E+00    18
 12.14  0.56770E+00    19
 12.15  0.57017E+00    20
 12.16  0.57264E+00    20
 12.17  0.57512E+00    21
 12.18  0.57759E+00    21
 12.19  0.58007E+00    21
 12.20  0.58457E+00    20
 12.21  0.58505E+00    19
 12.22  0.58754E+00    18
 12.23  0.59003E+00    17
 12.24  0.59052E+00    16
 12.25  0.59302E+00    16
 12.26  0.59350E+00    17
 12.27  0.59398E+00    18
 12.28  0.59649E+00    18
 12.29  0.59698E+00    18
 12.30  0.59949E+00    19
 12.31  0.60200E+00    18
 12.32  0.60655E+00    18
 12.33  0.61110E+00    18
 12.34  0.61566E+00    19
 12.35  0.62022E+00    19
 12.36  0.62480E+00    20
 12.37  0.62938E+00    21
 12.38  0.63396E+00    22
 12.39  0.64059E+00    23
 12.40  0.64520E+00    23
 12.41  0.65185E+00    23
 12.42  0.65851E+00    22
 12.43  0.66313E+00    22
 12.44  0.66981E+00    21
 12.45  0.67445E+00    20
 12.46  0.68114E+00    20
 12.47  0.68580E+00    19
 12.48  0.69046E+00    19
 12.49  0.69307E+00    19
 12.50  0.69568E+00    19
 12.51  0.69830E+00    20
 12.52  0.70092E+00    20
 12.53  0.69941E+00    20
 12.54  0.69997E+00    21
 12.55  0.69846E+00    22
 12.56  0.69695E+00    22
 12.57  0.69544E+00    23
 12.58  0.69392E+00    24
 12.59  0.69240E+00    24
 12.60  0.69295E+00    24
 12.61  0.69350E+00    24
 12.62  0.69405E+00    24
 12.63  0.69668E+00    24
 12.64  0.69931E+00    24
 12.65  0.70194E+00    25
 12.66  0.70458E+00    26
 12.67  0.70493E+00    26
 12.68  0.70758E+00    26
 12.69  0.70813E+00    26
 12.70  0.70869E+00    25
 12.71  0.70925E+00    24
 12.72  0.70981E+00    23
 12.73  0.71058E+00    21
 12.74  0.71113E+00    20
 12.75  0.71169E+00    19
 12.76  0.71435E+00    19
 12.77  0.71491E+00    19
 12.78  0.71758E+00    20
 12.79  0.72024E+00    21
 12.80  0.72291E+00    22
 12.81  0.72559E+00    23
 12.82  0.73038E+00    23
 12.83  0.73517E+00    23
 12.84  0.73997E+00    22
 12.85  0.74478E+00    22
 12.86  0.75171E+00    21
 12.87  0.75654E+00    20
 12.88  0.76136E+00    20
 12.89  0.76832E+00    20
 12.90  0.77104E+00    20
 12.91  0.77589E+00    19
 12.92  0.77862E+00    19
 12.93  0.78135E+00    19
 12.94  0.78196E+00    19
 12.95  0.78469E+00    19
 12.96  0.78530E+00    19
 12.97  0.78377E+00    20
 12.98  0.78437E+00    20
 12.99  0.78498E+00    20
 13.00  0.78558E+00    20
 13.01  0.78619E+00    21
 13.02  0.78679E+00    21
 13.03  0.78954E+00    22
 13.04  0.79229E+00    22
 13.05  0.79505E+00    23
 13.06  0.79781E+00    23
 13.07  0.80273E+00    23
 13.08  0.80980E+00    23
 13.09  0.81473E+00    23
 13.10  0.82182E+00    23
 13.11  0.82893E+00    22
 13.12  0.83604E+00    22
 13.13  0.84316E+00    22
 13.14  0.84813E+00    22
 13.15  0.85527E+00    22
 13.16  0.86243E+00    22
 13.17  0.86742E+00    22
 13.18  0.87242E+00    23
 13.19  0.87742E+00    23
 13.20  0.88243E+00    23
 13.21  0.88745E+00    24
 13.22  0.89030E+00    24
 13.23  0.89315E+00    24
 13.24  0.89601E+00    24
 13.25  0.89887E+00    24
 13.26  0.90173E+00    24
 13.27  0.90459E+00    24
 13.28  0.90528E+00    24
 13.29  0.90596E+00    24
 13.30  0.90664E+00    24
 13.31  0.90732E+00    24
 13.32  0.90581E+00    24
 13.33  0.90429E+00    24
 13.34  0.90058E+00    24
 13.35  0.89906E+00    24
 13.36  0.89753E+00    24
 13.37  0.89380E+00    25
 13.38  0.89226E+00    25
 13.39  0.89073E+00    25
 13.40  0.88919E+00    25
 13.41  0.88985E+00    25
 13.42  0.89051E+00    25
 13.43  0.89118E+00    24
 13.44  0.89184E+00    24
 13.45  0.89472E+00    24
 13.46  0.89538E+00    24
 13.47  0.89827E+00    24
 13.48  0.89893E+00    24
 13.49  0.90182E+00    24
 13.50  0.90249E+00    24
 13.51  0.90316E+00    25
 13.52  0.90383E+00    25
 13.53  0.90450E+00    25
 13.54  0.90516E+00    26
 13.55  0.90583E+00    26
 13.56  0.90650E+00    26
 13.57  0.90940E+00    26
 13.58  0.91007E+00    26
 13.59  0.91298E+00    25
 13.60  0.91365E+00    25
 13.61  0.91657E+00    24
 13.62  0.91724E+00    24
 13.63  0.92016E+00    24
 13.64  0.92083E+00    24
 13.65  0.92151E+00    24
 13.66  0.91993E+00    24
 13.67  0.92061E+00    24
 13.68  0.91903E+00    25
 13.69  0.91745E+00    25
 13.70  0.91586E+00    25
 13.71  0.91427E+00    26
 13.72  0.91268E+00    26
 13.73  0.91108E+00    26
 13.74  0.90948E+00    26
 13.75  0.90788E+00    26
 13.76  0.90854E+00    26
 13.77  0.90920E+00    26
 13.78  0.90986E+00    27
 13.79  0.91052E+00    27
 13.80  0.91346E+00    28
 13.81  0.91412E+00    28
 13.82  0.91706E+00    29
 13.83  0.92000E+00    28
 13.84  0.92066E+00    28
 13.85  0.92133E+00    28
 13.86  0.92427E+00    28
 13.87  0.92494E+00    28
 13.88  0.92561E+00    28
 13.89  0.92627E+00    28
 13.90  0.92694E+00    29
 13.91  0.92990E+00    29
 13.92  0.93057E+00    30
 13.93  0.93124E+00    31
 13.94  0.93420E+00    31
 13.95  0.93717E+00    32
 13.96  0.94014E+00    32
 13.97  0.94311E+00    32
 13.98  0.94609E+00    32
 13.99  0.94907E+00    32
 14.00  0.95436E+00    33
 14.01  0.95735E+00    33
 14.02  0.96034E+00    33
 14.03  0.96333E+00    34
 14.04  0.96633E+00    34
 14.05  0.96702E+00    35
 14.06  0.97002E+00    35
 14.07  0.97071E+00    35
 14.08  0.96908E+00    35
 14.09  0.96977E+00    35
 14.10  0.96814E+00    34
 14.11  0.96883E+00    34
 14.12  0.96719E+00    32
 14.13  0.96555E+00    31
 14.14  0.96623E+00    30
 14.15  0.96691E+00    29
 14.16  0.96526E+00    28
 14.17  0.96828E+00    27
 14.18  0.96896E+00    27
 14.19  0.97198E+00    26
 14.20  0.97267E+00    26
 14.21  0.97569E+00    26
 14.22  0.97872E+00    26
 14.23  0.97941E+00    26
 14.24  0.98244E+00    26
 14.25  0.98313E+00    26
 14.26  0.98382E+00    27
 14.27  0.98216E+00    27
 14.28  0.98050E+00    28
 14.29  0.98118E+00    29
 14.30  0.97952E+00    29
 14.31  0.97785E+00    30
 14.32  0.97853E+00    30
 14.33  0.97685E+00    30
 14.34  0.97753E+00    30
 14.35  0.97822E+00    30
 14.36  0.98126E+00    30
 14.37  0.98195E+00    29
 14.38  0.98500E+00    29
 14.39  0.98805E+00    28
 14.40  0.99111E+00    28
 14.41  0.99180E+00    27
 14.42  0.99486E+00    27
 14.43  0.99793E+00    27
 14.44  0.99862E+00    27
 14.45  0.99931E+00    27
 14.46  0.10000E+01    27
 14.47  0.99831E+00    27
 14.48  0.99661E+00    28
 14.49  0.99492E+00    28
 14.50  0.99322E+00    29
 14.51  0.99151E+00    29
 14.52  0.98980E+00    29
 14.53  0.98809E+00    29
 14.54  0.98638E+00    29
 14.55  0.98466E+00    28
 14.56  0.98294E+00    28
 14.57  0.98122E+00    28
 14.58  0.97949E+00    27
 14.59  0.97776E+00    27
 14.60  0.97603E+00    27
 14.61  0.97429E+00    26
 14.62  0.97255E+00    26
 14.63  0.97080E+00    26
 14.64  0.96906E+00    26
 14.65  0.96731E+00    25
 14.66  0.96555E+00    25
 14.67  0.96380E+00    26
 14.68  0.96204E+00    26
 14.69  0.96269E+00    26
 14.70  0.96093E+00    26
 14.71  0.96158E+00    27
 14.72  0.95981E+00    28
 14.73  0.96046E+00    28
 14.74  0.95869E+00    29
 14.75  0.95934E+00    29
 14.76  0.95999E+00    30
 14.77  0.95821E+00    30
 14.78  0.95642E+00    29
 14.79  0.95463E+00    29
 14.80  0.95284E+00    29
 14.81  0.95349E+00    28
 14.82  0.94925E+00    28
 14.83  0.94745E+00    28
 14.84  0.94564E+00    27
 14.85  0.94384E+00    27
 14.86  0.94202E+00    27
 14.87  0.94021E+00    27
 14.88  0.93839E+00    27
 14.89  0.93657E+00    27
 14.90  0.93475E+00    27
 14.91  0.93292E+00    27
 14.92  0.93109E+00    27
 14.93  0.92679E+00    27
 14.94  0.92496E+00    27
 14.95  0.92311E+00    27
 14.96  0.91880E+00    28
 14.97  0.91695E+00    28
 14.98  0.91510E+00    29
 14.99  0.91077E+00    30
 15.00  0.90891E+00    30
 15.01  0.90705E+00    30
 15.02  0.90518E+00    30
 15.03  0.90330E+00    30
 15.04  0.90143E+00    30
 15.05  0.89955E+00    30
 15.06  0.89767E+00    30
 15.07  0.89578E+00    29
 15.08  0.89389E+00    29
 15.09  0.89200E+00    28
 15.10  0.88762E+00    28
 15.11  0.88572E+00    28
 15.12  0.88382E+00    28
 15.13  0.87942E+00    28
 15.14  0.87501E+00    28
 15.15  0.87060E+00    28
 15.16  0.86619E+00    27
 15.17  0.85926E+00    27
 15.18  0.85233E+00    27
 15.19  0.84539E+00    28
 15.20  0.83844E+00    28
 15.21  0.83148E+00    28
 15.22  0.82200E+00    29
 15.23  0.81502E+00    29
 15.24  0.80551E+00    30
 15.25  0.79851E+00    31
 15.26  0.79149E+00    31
 15.27  0.78196E+00    31
 15.28  0.77492E+00    32
 15.29  0.76787E+00    32
 15.30  0.76082E+00    32
 15.31  0.75375E+00    31
 15.32  0.74920E+00    31
 15.33  0.74212E+00    31
 15.34  0.73502E+00    30
 15.35  0.72792E+00    30
 15.36  0.72081E+00    30
 15.37  0.71368E+00    30
 15.38  0.70680E+00    29
 15.39  0.69966E+00    29
 15.40  0.69251E+00    29
 15.41  0.68535E+00    28
 15.42  0.67817E+00    28
 15.43  0.67328E+00    28
 15.44  0.66609E+00    28
 15.45  0.66143E+00    27
 15.46  0.65931E+00    27
 15.47  0.65465E+00    27
 15.48  0.65252E+00    27
 15.49  0.65039E+00    27
 15.50  0.64826E+00    28
 15.51  0.64868E+00    28
 15.52  0.64909E+00    28
 15.53  0.64696E+00    28
 15.54  0.64737E+00    28
 15.55  0.64779E+00    28
 15.56  0.64821E+00    27
 15.57  0.64862E+00    27
 15.58  0.65160E+00    27
 15.59  0.65202E+00    27
 15.60  0.65244E+00    28
 15.61  0.65286E+00    28
 15.62  0.65585E+00    28
 15.63  0.65627E+00    29
 15.64  0.65926E+00    30
 15.65  0.65969E+00    30
 15.66  0.66269E+00    31
 15.67  0.66311E+00    32
 15.68  0.66611E+00    32
 15.69  0.66654E+00    33
 15.70  0.66696E+00    33
 15.71  0.66997E+00    33
 15.72  0.67040E+00    32
 15.73  0.67083E+00    32
 15.74  0.67125E+00    31
 15.75  0.66909E+00    31
 15.76  0.66951E+00    30
 15.77  0.66994E+00    30
 15.78  0.66776E+00    29
 15.79  0.66819E+00    29
 15.80  0.66601E+00    29
 15.81  0.66383E+00    29
 15.82  0.66425E+00    29
 15.83  0.66206E+00    29
 15.84  0.65987E+00    29
 15.85  0.65768E+00    29
 15.86  0.65287E+00    29
 15.87  0.65067E+00    29
 15.88  0.64846E+00    29
 15.89  0.64364E+00    29
 15.90  0.64142E+00    30
 15.91  0.63659E+00    30
 15.92  0.63175E+00    31
 15.93  0.62952E+00    31
 15.94  0.62467E+00    32
 15.95  0.61981E+00    32
 15.96  0.61757E+00    32
 15.97  0.61269E+00    32
 15.98  0.61045E+00    32
 15.99  0.60820E+00    32
 16.00  0.60594E+00    32
 16.01  0.60368E+00    31
 16.02  0.60142E+00    31
 16.03  0.59916E+00    30
 16.04  0.59953E+00    30
 16.05  0.59726E+00    29
 16.06  0.59764E+00    29
 16.07  0.59801E+00    29
 16.08  0.59838E+00    29
 16.09  0.59875E+00    29
 16.10  0.59647E+00    29
 16.11  0.59684E+00    30
 16.12  0.59721E+00    30
 16.13  0.59493E+00    30
 16.14  0.59530E+00    30
 16.15  0.59567E+00    30
 16.16  0.59337E+00    30
 16.17  0.59108E+00    30
 16.18  0.59144E+00    30
 16.19  0.58914E+00    31
 16.20  0.58684E+00    31
 16.21  0.58453E+00    31
 16.22  0.58222E+00    32
 16.23  0.57991E+00    32
 16.24  0.57492E+00    33
 16.25  0.57260E+00    34
 16.26  0.56760E+00    35
 16.27  0.56259E+00    36
 16.28  0.55757E+00    38
 16.29  0.55255E+00    39
 16.30  0.54484E+00    41
 16.31  0.53711E+00    42
 16.32  0.52965E+00    44
 16.33  0.52191E+00    45
 16.34  0.51416E+00    46
 16.35  0.50370E+00    47
 16.36  0.49324E+00    48
 16.37  0.48275E+00    48
 16.38  0.47226E+00    49
 16.39  0.46175E+00    49
 16.40  0.45123E+00    49
 16.41  0.43800E+00    49
 16.42  0.42745E+00    49
 16.43  0.41419E+00    49
 16.44  0.40361E+00    49
 16.45  0.39031E+00    49
 16.46  0.37700E+00    50
 16.47  0.36638E+00    50
 16.48  0.35303E+00    50
 16.49  0.33967E+00    51
 16.50  0.32901E+00    51
 16.51  0.31562E+00    52
 16.52  0.30493E+00    52
 16.53  0.29150E+00    52
 16.54  0.28079E+00    52
 16.55  0.26777E+00    53
 16.56  0.25618E+00    53
 16.57  0.24487E+00    53
 16.58  0.23407E+00    53
 16.59  0.22301E+00    53
 16.60  0.21276E+00    53
 16.61  0.20280E+00    53
 16.62  0.19307E+00    53
 16.63  0.18360E+00    53
 16.64  0.17442E+00    53
 16.65  0.16603E+00    54
 16.66  0.15762E+00    54
 16.67  0.14948E+00    54
 16.68  0.14213E+00    54
 16.69  0.13507E+00    54
 16.70  0.12825E+00    55
 16.71  0.12197E+00    55
 16.72  0.11571E+00    55
 16.73  0.10997E+00    56
 16.74  0.10480E+00    57
 16.75  0.99344E-01    57
 16.76  0.94712E-01    59
 16.77  0.90350E-01    60
 16.78  0.85983E-01    62
 16.79  0.82164E-01    63
 16.80  0.78368E-01    65
 16.81  0.74789E-01    66
 16.82  0.71510E-01    68
 16.83  0.68227E-01    69
 16.84  0.65494E-01    69
 16.85  0.62731E-01    70
 16.86  0.59992E-01    70
 16.87  0.57528E-01    69
 16.88  0.55033E-01    69
 16.89  0.52840E-01    68
 16.90  0.50896E-01    66
 16.91  0.48699E-01    65
 16.92  0.47028E-01    62
 16.93  0.45104E-01    61
 16.94  0.43457E-01    59
 16.95  0.42088E-01    57
 16.96  0.40437E-01    56
 16.97  0.39064E-01    54
 16.98  0.37689E-01    53
 16.99  0.36592E-01    51
 17.00  0.35494E-01    50
 17.01  0.34394E-01    50
 17.02  0.33293E-01    49
 17.03  0.32191E-01    50
 17.04  0.31340E-01    50
 17.05  0.30264E-01    51
 17.06  0.29411E-01    52
 17.07  0.28585E-01    53
 17.08  0.27676E-01    54
 17.09  0.26809E-01    56
 17.10  0.25960E-01    58
 17.11  0.25085E-01    59
 17.12  0.24189E-01    60
 17.13  0.23309E-01    62
 17.14  0.22406E-01    63
 17.15  0.21450E-01    63
 17.16  0.20516E-01    63
 17.17  0.19522E-01    62
 17.18  0.18498E-01    61
 17.19  0.17467E-01    60
 17.20  0.16440E-01    59
 17.21  0.15382E-01    58
 17.22  0.14324E-01    56
 17.23  0.13260E-01    55
 17.24  0.12223E-01    55
 17.25  0.11154E-01    55
 17.26  0.10137E-01    56
 17.27  0.91167E-02    59
 17.28  0.80920E-02    62
 17.29  0.71031E-02    71
 17.30  0.61957E-02    80
 17.31  0.52644E-02    93
 17.32  0.44290E-02   120
 17.33  0.35669E-02   149
 17.34  0.27878E-02   217
 17.35  0.18864E-02   361
 17.36  0.20018E-02   464
 17.37  0.12653E-02   467
 17.38  0.65935E-02   707
 17.39  0.70697E-02   707
 17.40  0.71225E-02   707
 17.41  0.67224E-02   707
 17.42  0.58199E-02   707
 17.43  0.45633E-02   707
 17.44  0.30411E-02   707
 17.45  0.12565E-02   707
 17.46  0.32659E-02  1000
 17.47  0.67398E-03   707
 17.48  0.18510E-02   707
 17.49  0.25351E-02   707
 17.50  0.29103E-02   707
 17.51  0.39355E-02   594
 17.52  0.38310E-02   582
 17.53  0.31693E-02   568
 17.54  0.26594E-02   552
 17.55  0.22225E-02   533
 17.56  0.18262E-02   512
 17.57  0.14555E-02   487
 17.58  0.10516E-02   460
 17.59  0.12147E-02   475
 17.60  0.10998E-02   432
 17.61  0.10027E-02   388
 17.62  0.91999E-03   348
 17.63  0.85230E-03   313
 17.64  0.76913E-03   295
 17.65  0.63472E-03   281
 17.66  0.59495E-03   280
 17.67  0.54408E-03   279
 17.68  0.49344E-03   277
 17.69  0.44449E-03   277
 17.70  0.39840E-03   276
 17.71  0.34672E-03   276
 17.72  0.32387E-03   285
 17.73  0.30216E-03   285
 17.74  0.28410E-03   284
 17.75  0.26824E-03   284
 17.76  0.25348E-03   284
 17.77  0.23747E-03   284
 17.78  0.22385E-03   283
 17.79  0.21167E-03   283
 17.80  0.20094E-03   282
 17.81  0.19182E-03   283
 17.82  0.18312E-03   282
 17.83  0.17533E-03   281
 17.84  0.16823E-03   281
 17.85  0.16192E-03   282
 17.86  0.15589E-03   281
 17.87  0.15054E-03   282
 17.88  0.14508E-03   280
 17.89  0.14248E-03   281
 17.90  0.13979E-03   280
 17.91  0.13737E-03   281
 17.92  0.13488E-03   278
 17.93  0.13268E-03   279
 17.94  0.13042E-03   279
 17.95  0.12816E-03   279
 17.96  0.14402E-03   268
 17.97  0.14880E-03   268
 17.98  0.15001E-03   267
 17.99  0.14938E-03   267
 18.00  0.14852E-03   268
 18.01  0.14685E-03   267
 18.02  0.14619E-03   268
 18.03  0.14295E-03   266
 18.04  0.13688E-03   267
 18.05  0.11873E-03   276
 18.06  0.11942E-03   276
 18.07  0.11994E-03   277
 18.08  0.12018E-03   276
 18.09  0.12081E-03   276
 18.10  0.12112E-03   275
 18.11  0.12181E-03   275
 18.12  0.12218E-03   276
 18.13  0.12269E-03   274
 18.14  0.12285E-03   276
 18.15  0.12283E-03   275
 18.16  0.12308E-03   274
 18.17  0.12329E-03   273
 18.18  0.12330E-03   272
 18.19  0.14164E-03   263
 18.20  0.14855E-03   263
 18.21  0.15145E-03   262
 18.22  0.15174E-03   261
 18.23  0.15072E-03   260
 18.24  0.14903E-03   261
 18.25  0.14577E-03   260
 18.26  0.14146E-03   260
 18.27  0.13543E-03   258
 18.28  0.12883E-03   259
 18.29  0.11896E-03   259
 18.30  0.11776E-03   266
 18.31  0.11625E-03   266
 18.32  0.11445E-03   267
 18.33  0.11297E-03   265
 18.34  0.11149E-03   265
 18.35  0.11004E-03   264
 18.36  0.10856E-03   264
 18.37  0.10711E-03   263
 18.38  0.10565E-03   263
 18.39  0.10392E-03   263
 18.40  0.10165E-03   262
 18.41  0.99368E-04   262
 18.42  0.97117E-04   262
 18.43  0.95136E-04   261
 18.44  0.92850E-04   262
 18.45  0.86672E-04   253
 18.46  0.96902E-04   253
 18.47  0.99205E-04   253
 18.48  0.99624E-04   252
 18.49  0.99099E-04   252
 18.50  0.98056E-04   252
 18.51  0.96585E-04   251
 18.52  0.94533E-04   252
 18.53  0.92693E-04   251
 18.54  0.90514E-04   251
 18.55  0.87753E-04   252
 18.56  0.84897E-04   252
 18.57  0.81763E-04   252
 18.58  0.78595E-04   252
 18.59  0.76219E-04   252
 18.60  0.75126E-04   252
 18.61  0.74799E-04   251
 18.62  0.73920E-04   251
 18.63  0.72180E-04   251
 18.64  0.68321E-04   252
 18.65  0.61110E-04   260
 18.66  0.60467E-04   260
 18.67  0.59823E-04   260
 18.68  0.59486E-04   260
 18.69  0.58902E-04   260
 18.70  0.58287E-04   261
 18.71  0.58041E-04   261
 18.72  0.57487E-04   262
 18.73  0.57271E-04   261
 18.74  0.64059E-04   253
 18.75  0.65729E-04   254
 18.76  0.66197E-04   253
 18.77  0.65614E-04   254
 18.78  0.64134E-04   254
 18.79  0.60981E-04   254
 18.80  0.54420E-04   263
 18.81  0.53953E-04   263
 18.82  0.53796E-04   262
 18.83  0.53298E-04   263
 18.84  0.52830E-04   263
 18.85  0.52361E-04   263
 18.86  0.52172E-04   263
 18.87  0.51702E-04   263
 18.88  0.51201E-04   263
 18.89  0.50699E-04   263
 18.90  0.50477E-04   262
 18.91  0.49632E-04   254
 18.92  0.53677E-04   255
 18.93  0.55357E-04   255
 18.94  0.56447E-04   255
 18.95  0.57101E-04   255
 18.96  0.57193E-04   255
 18.97  0.56724E-04   256
 18.98  0.55691E-04   255
 18.99  0.52562E-04   255
 19.00  0.45363E-04   264
 19.01  0.44792E-04   265
 19.02  0.44221E-04   265
 19.03  0.43649E-04   265
 19.04  0.43076E-04   265
 19.05  0.42503E-04   266
 19.06  0.42211E-04   265
 19.07  0.41605E-04   266
 19.08  0.41973E-04   257
 19.09  0.47496E-04   257
 19.10  0.47898E-04   258
 19.11  0.47608E-04   257
 19.12  0.46752E-04   257
 19.13  0.45264E-04   258
 19.14  0.43775E-04   258
 19.15  0.42347E-04   258
 19.16  0.41013E-04   257
 19.17  0.39740E-04   259
 19.18  0.39129E-04   259
 19.19  0.38834E-04   258
 19.20  0.38822E-04   258
 19.21  0.39159E-04   258
 19.22  0.39717E-04   258
 19.23  0.40435E-04   259
 19.24  0.41089E-04   259
 19.25  0.41935E-04   258
 19.26  0.42305E-04   258
 19.27  0.42454E-04   259
 19.28  0.42413E-04   259
 19.29  0.42371E-04   257
 19.30  0.41916E-04   258
 19.31  0.41270E-04   258
 19.32  0.40465E-04   259
 19.33  0.39594E-04   259
 19.34  0.38946E-04   257
 19.35  0.38138E-04   259
 19.36  0.37775E-04   258
 19.37  0.37221E-04   259
 19.38  0.36984E-04   259
 19.39  0.36429E-04   260
 19.40  0.36032E-04   260
 19.41  0.35252E-04   262
 19.42  0.34631E-04   261
 19.43  0.33593E-04   262
 19.44  0.32810E-04   262
 19.45  0.32218E-04   261
 19.46  0.31709E-04   263
 19.47  0.31943E-04   262
 19.48  0.32172E-04   264
 19.49  0.32766E-04   263
 19.50  0.33072E-04   264
 19.51  0.33570E-04   263
 19.52  0.33652E-04   264
 19.53  0.33862E-04   263
 19.54  0.33622E-04   264
 19.55  0.33478E-04   262
 19.56  0.32819E-04   264
 19.57  0.32224E-04   262
 19.58  0.31121E-04   263
 19.59  0.30040E-04   262
 19.60  0.28374E-04   263
 19.61  0.26891E-04   261
 19.62  0.26106E-04   263
 19.63  0.26850E-04   262
 19.64  0.27646E-04   262
 19.65  0.28178E-04   262
 19.66  0.28513E-04   261
 19.67  0.28615E-04   261
 19.68  0.28607E-04   260
 19.69  0.28492E-04   260
 19.70  0.28334E-04   260
 19.71  0.28206E-04   259
 19.72  0.28029E-04   258
 19.73  0.27871E-04   258
 19.74  0.27719E-04   258
 19.75  0.27596E-04   257
 19.76  0.27425E-04   257
 19.77  0.27234E-04   257
 19.78  0.27003E-04   256
 19.79  0.26769E-04   256
 19.80  0.26489E-04   255
 19.81  0.26144E-04   256
 19.82  0.25847E-04   255
 19.83  0.25573E-04   255
 19.84  0.25367E-04   255
 19.85  0.25259E-04   255
 19.86  0.25213E-04   255
 19.87  0.25232E-04   255
 19.88  0.25225E-04   255
 19.89  0.25274E-04   255
 19.90  0.25237E-04   255
 19.91  0.25187E-04   255
 19.92  0.25039E-04   254
 19.93  0.24681E-04   255
 19.94  0.24076E-04   254
 19.95  0.22850E-04   255
 19.96  0.21310E-04   254
 19.97  0.22495E-04   254
 19.98  0.24332E-04   254
 19.99  0.25670E-04   254
 20.00  0.26260E-04   254
 20.01  0.24912E-04   254
 20.02  0.22775E-04   254
 20.03  0.21504E-04   262
 20.04  0.21343E-04   262
 20.05  0.21211E-04   261
 20.06  0.21047E-04   261
 20.07  0.20882E-04   262
 20.08  0.20714E-04   262
 20.09  0.20579E-04   262
 20.10  0.20444E-04   261
 20.11  0.20301E-04   261
 20.12  0.21249E-04   253
 20.13  0.22745E-04   252
 20.14  0.23389E-04   252
 20.15  0.23713E-04   252
 20.16  0.23771E-04   251
 20.17  0.23723E-04   252
 20.18  0.23622E-04   251
 20.19  0.23517E-04   251
 20.20  0.23296E-04   251
 20.21  0.22965E-04   251
 20.22  0.22597E-04   250
 20.23  0.22248E-04   250
 20.24  0.21816E-04   250
 20.25  0.21276E-04   249
 20.26  0.20646E-04   250
 20.27  0.19665E-04   249
 20.28  0.18720E-04   249
 20.29  0.19999E-04   249
 20.30  0.20680E-04   248
 20.31  0.20982E-04   248
 20.32  0.21126E-04   248
 20.33  0.21103E-04   248
 20.34  0.21019E-04   248
 20.35  0.20946E-04   247
 20.36  0.20728E-04   247
 20.37  0.20104E-04   247
 20.38  0.17728E-04   247
 20.39  0.16958E-04   254
 20.40  0.16872E-04   254
 20.41  0.16787E-04   253
 20.42  0.16704E-04   254
 20.43  0.16695E-04   254
 20.44  0.18854E-04   246
 20.45  0.19328E-04   246
 20.46  0.19449E-04   247
 20.47  0.19526E-04   247
 20.48  0.19606E-04   247
 20.49  0.19680E-04   247
 20.50  0.19726E-04   247
 20.51  0.19746E-04   247
 20.52  0.19830E-04   247
 20.53  0.19809E-04   247
 20.54  0.19559E-04   248
 20.55  0.19280E-04   249
 20.56  0.18972E-04   249
 20.57  0.18547E-04   249
 20.58  0.17841E-04   249
 20.59  0.15602E-04   249
 20.60  0.16363E-04   259
 20.61  0.16357E-04   259
 20.62  0.16389E-04   258
 20.63  0.16353E-04   260
 20.64  0.16354E-04   260
 20.65  0.16355E-04   260
 20.66  0.16359E-04   261
 20.67  0.16364E-04   261
 20.68  0.19038E-04   254
 20.69  0.19947E-04   254
 20.70  0.20287E-04   254
 20.71  0.20358E-04   255
 20.72  0.20225E-04   255
 20.73  0.20074E-04   255
 20.74  0.19961E-04   256
 20.75  0.19840E-04   257
 20.76  0.19744E-04   256
 20.77  0.19610E-04   256
 20.78  0.19459E-04   257
 20.79  0.19557E-04   256
 20.80  0.19734E-04   256
 20.81  0.19884E-04   257
 20.82  0.20086E-04   256
 20.83  0.20088E-04   257
 20.84  0.19848E-04   256
 20.85  0.19552E-04   256
 20.86  0.19142E-04   257
 20.87  0.18670E-04   256
 20.88  0.18713E-04   257
 20.89  0.19077E-04   257
 20.90  0.19261E-04   256
 20.91  0.19418E-04   257
 20.92  0.19428E-04   256
 20.93  0.19217E-04   257
 20.94  0.18919E-04   257
 20.95  0.18635E-04   256
 20.96  0.18115E-04   257
 20.97  0.16736E-04   256
 20.98  0.15853E-04   265
 20.99  0.15805E-04   266
 21.00  0.15795E-04   265
 21.01  0.15782E-04   264
 21.02  0.15738E-04   265
 21.03  0.17310E-04   256
 21.04  0.18535E-04   255
 21.05  0.19063E-04   256
 21.06  0.19357E-04   255
 21.07  0.19553E-04   255
 21.08  0.19799E-04   255
 21.09  0.19860E-04   255
 21.10  0.19644E-04   256
 21.11  0.19225E-04   255
 21.12  0.18682E-04   255
 21.13  0.17671E-04   255
 21.14  0.15382E-04   264
 21.15  0.15365E-04   263
 21.16  0.15351E-04   264
 21.17  0.15327E-04   263
 21.18  0.15275E-04   264
 21.19  0.15251E-04   263
 21.20  0.15230E-04   264
 21.21  0.15174E-04   265
 21.22  0.15150E-04   264
 21.23  0.15129E-04   264
 21.24  0.15105E-04   264
 21.25  0.15046E-04   265
 21.26  0.15063E-04   265
 21.27  0.15081E-04   265
 21.28  0.14927E-04   257
 21.29  0.16753E-04   258
 21.30  0.17515E-04   258
 21.31  0.17916E-04   260
 21.32  0.18023E-04   260
 21.33  0.17898E-04   260
 21.34  0.17492E-04   262
 21.35  0.16804E-04   262
 21.36  0.16689E-04   262
 21.37  0.17548E-04   263
 21.38  0.18292E-04   263
 21.39  0.18875E-04   264
 21.40  0.19334E-04   264
 21.41  0.19393E-04   265
 21.42  0.19046E-04   265
 21.43  0.18448E-04   266
 21.44  0.16974E-04   267
 21.45  0.15046E-04   279
 21.46  0.15071E-04   280
 21.47  0.16771E-04   271
 21.48  0.18123E-04   271
 21.49  0.18973E-04   273
 21.50  0.19365E-04   274
 21.51  0.18938E-04   275
 21.52  0.17288E-04   275
 21.53  0.15084E-04   288
 21.54  0.15106E-04   289
 21.55  0.15084E-04   291
 21.56  0.15088E-04   291
 21.57  0.18653E-04   281
 21.58  0.19778E-04   282
 21.59  0.20349E-04   284
 21.60  0.20504E-04   283
 21.61  0.20229E-04   285
 21.62  0.19757E-04   286
 21.63  0.19232E-04   287
 21.64  0.18725E-04   288
 21.65  0.18373E-04   290
 21.66  0.18385E-04   291
 21.67  0.18312E-04   293
 21.68  0.18324E-04   294
 21.69  0.18829E-04   295
 21.70  0.19495E-04   296
 21.71  0.20086E-04   297
 21.72  0.20650E-04   299
 21.73  0.21007E-04   300
 21.74  0.20909E-04   301
 21.75  0.20539E-04   303
 21.76  0.19957E-04   304
 21.77  0.18833E-04   305
 21.78  0.17071E-04   307
 21.79  0.17491E-04   308
 21.80  0.18500E-04   309
 21.81  0.19033E-04   310
 21.82  0.19653E-04   313
 21.83  0.19820E-04   314
 21.84  0.18930E-04   315
 21.85  0.15701E-04   318
 21.86  0.14804E-04   337
 21.87  0.14811E-04   338
 21.88  0.14753E-04   341
 21.89  0.14763E-04   342
 21.90  0.14774E-04   343
 21.91  0.14744E-04   345
 21.92  0.14722E-04   347
 21.93  0.14689E-04   349
 21.94  0.14700E-04   350
 21.95  0.14638E-04   353
 21.96  0.14648E-04   354
 21.97  0.14590E-04   357
 21.98  0.17835E-04   337
 21.99  0.19324E-04   338
 22.00  0.20224E-04   340
 22.01  0.20926E-04   341
 22.02  0.21222E-04   342
 22.03  0.21195E-04   343
 22.04  0.20998E-04   346
 22.05  0.20630E-04   347
 22.06  0.20214E-04   348
 22.07  0.20049E-04   349
 22.08  0.20214E-04   350
 22.09  0.20460E-04   352
 22.10  0.20724E-04   353
 22.11  0.21068E-04   355
 22.12  0.21023E-04   356
 22.13  0.20428E-04   357
 22.14  0.19536E-04   359
 22.15  0.18356E-04   360
 22.16  0.16190E-04   361
 22.17  0.13302E-04   388
 22.18  0.13243E-04   390
 22.19  0.13157E-04   393
 22.20  0.13101E-04   394
 22.21  0.13045E-04   396
 22.22  0.12985E-04   397
 22.23  0.12928E-04   398
 22.24  0.12846E-04   402
 22.25  0.12790E-04   403
 22.26  0.12770E-04   404
 22.27  0.12721E-04   405
 22.28  0.12671E-04   407
 22.29  0.12618E-04   408
 22.30  0.13659E-04   380
 22.31  0.17975E-04   382
 22.32  0.19629E-04   382
 22.33  0.20616E-04   383
 22.34  0.21390E-04   385
 22.35  0.22173E-04   386
 22.36  0.22742E-04   388
 22.37  0.22627E-04   389
 22.38  0.21926E-04   390
 22.39  0.20513E-04   391
 22.40  0.17110E-04   393
 22.41  0.12387E-04   429
 22.42  0.12382E-04   430
 22.43  0.12409E-04   431
 22.44  0.12422E-04   434
 22.45  0.14568E-04   399
 22.46  0.17792E-04   400
 22.47  0.18048E-04   402
 22.48  0.15835E-04   403
 22.49  0.12491E-04   441
 22.50  0.12526E-04   442
 22.51  0.12480E-04   445
 22.52  0.12519E-04   446
 22.53  0.12520E-04   447
 22.54  0.12533E-04   450
 22.55  0.12583E-04   451
 22.56  0.12637E-04   453
 22.57  0.12721E-04   454
 22.58  0.12768E-04   457
 22.59  0.12825E-04   459
 22.60  0.12883E-04   461
 22.61  0.12941E-04   464
 22.62  0.13021E-04   466
 22.63  0.13079E-04   468
 22.64  0.13197E-04   469
 22.65  0.13232E-04   472
 22.66  0.13290E-04   474
 22.67  0.13348E-04   476
 22.68  0.13410E-04   478
 22.69  0.13502E-04   479
 22.70  0.13538E-04   482
 22.71  0.13600E-04   484
 22.72  0.13692E-04   487
 22.73  0.13754E-04   488
 22.74  0.13824E-04   491
 22.75  0.13886E-04   492
 22.76  0.13889E-04   496
 22.77  0.13951E-04   499
 22.78  0.13991E-04   501
 22.79  0.14027E-04   504
 22.80  0.14067E-04   507
 22.81  0.14103E-04   510
 22.82  0.14170E-04   512
 22.83  0.14210E-04   515
 22.84  0.14253E-04   518
 22.85  0.14293E-04   521
 22.86  0.14360E-04   523
 22.87  0.14400E-04   526
 22.88  0.14482E-04   528
 22.89  0.14548E-04   531
 22.90  0.14570E-04   534
 22.91  0.14640E-04   536
 22.92  0.14718E-04   539
 22.93  0.14789E-04   541
 22.94  0.14841E-04   544
 22.95  0.14859E-04   548
 22.96  0.14873E-04   551
 22.97  0.14906E-04   554
 22.98  0.14897E-04   558
 22.99  0.14888E-04   563
 23.00  0.14959E-04   565
 23.01  0.14951E-04   569
 23.02  0.17834E-04   497
 23.03  0.23731E-04   499
 23.04  0.22451E-04   501
 23.05  0.15033E-04   583
 23.06  0.15032E-04   586
 23.07  0.15077E-04   589
 23.08  0.15080E-04   592
 23.09  0.15109E-04   596
 23.10  0.15142E-04   599
 23.11  0.15217E-04   602
 23.12  0.15250E-04   605
 23.13  0.15284E-04   609
 23.14  0.15347E-04   612
 23.15  0.15407E-04   615
 23.16  0.26134E-04   526
 23.17  0.35393E-04   528
 23.18  0.41908E-04   530
 23.19  0.46814E-04   533
 23.20  0.48515E-04   535
 23.21  0.47771E-04   537
 23.22  0.46224E-04   539
 23.23  0.44714E-04   541
 23.24  0.42782E-04   543
 23.25  0.40465E-04   545
 23.26  0.38606E-04   547
 23.27  0.37071E-04   549
 23.28  0.34955E-04   551
 23.29  0.31994E-04   553
 23.30  0.28095E-04   555
 23.31  0.23850E-04   556
 23.32  0.20340E-04   558
 23.33  0.15727E-04   560
 23.34  0.16948E-04   679
 23.35  0.17071E-04   682
 23.36  0.17182E-04   684
 23.37  0.17309E-04   685
 23.38  0.17393E-04   685
 23.39  0.12863E-04   566
 23.40  0.19566E-04   566
 23.41  0.22750E-04   566
 23.42  0.24406E-04   567
 23.43  0.24467E-04   567
 23.44  0.24130E-04   567
 23.45  0.24963E-04   567
 23.46  0.24294E-04   568
 23.47  0.13850E-04   568
 23.48  0.18519E-04   691
 23.49  0.18654E-04   692
 23.50  0.18763E-04   693
 23.51  0.18891E-04   693
 23.52  0.19023E-04   694
 23.53  0.19171E-04   694
 23.54  0.19318E-04   695
 23.55  0.19470E-04   695
 23.56  0.19595E-04   696
 23.57  0.19731E-04   697
 23.58  0.19879E-04   697
 23.59  0.20062E-04   697
 23.60  0.20242E-04   697
 23.61  0.20421E-04   697
 23.62  0.20601E-04   697
 23.63  0.20754E-04   697
 23.64  0.20946E-04   697
 23.65  0.21118E-04   697
 23.66  0.21306E-04   697
 23.67  0.21475E-04   698
 23.68  0.21679E-04   698
 23.69  0.26205E-04   572
 23.70  0.35352E-04   572
 23.71  0.41500E-04   572
 23.72  0.46595E-04   572
 23.73  0.50834E-04   573
 23.74  0.53670E-04   573
 23.75  0.53928E-04   572
 23.76  0.48708E-04   572
 23.77  0.32435E-04   572
 23.78  0.23736E-04   698
 23.79  0.23981E-04   698
 23.80  0.24254E-04   699
 23.81  0.24523E-04   700
 23.82  0.24812E-04   700
 23.83  0.25120E-04   700
 23.84  0.43415E-04   574
 23.85  0.56864E-04   574
 23.86  0.63410E-04   575
 23.87  0.66070E-04   575
 23.88  0.66058E-04   575
 23.89  0.64394E-04   575
 23.90  0.63162E-04   576
 23.91  0.61850E-04   576
 23.92  0.57858E-04   576
 23.93  0.50120E-04   576
 23.94  0.37314E-04   577
 23.95  0.28851E-04   707
 23.96  0.29183E-04   707
 23.97  0.29511E-04   708
 23.98  0.29839E-04   708
 23.99  0.30187E-04   709
 24.00  0.16601E-04   578
 24.01  0.51118E-04   579
 24.02  0.66169E-04   578
 24.03  0.75811E-04   579
 24.04  0.78336E-04   578
 24.05  0.75676E-04   578
 24.06  0.72895E-04   578
 24.07  0.71181E-04   578
 24.08  0.69268E-04   578
 24.09  0.67075E-04   578
 24.10  0.65635E-04   578
 24.11  0.65424E-04   578
 24.12  0.64935E-04   578
 24.13  0.64445E-04   578
 24.14  0.63836E-04   577
 24.15  0.64101E-04   577
 24.16  0.65162E-04   577
 24.17  0.67417E-04   577
 24.18  0.70073E-04   577
 24.19  0.72572E-04   577
 24.20  0.73000E-04   577
 24.21  0.70678E-04   577
 24.22  0.63489E-04   577
 24.23  0.46081E-04   577
 24.24  0.38684E-04   707
 24.25  0.39263E-04   708
 24.26  0.39706E-04   709
 24.27  0.40282E-04   711
 24.28  0.40699E-04   712
 24.29  0.41315E-04   713
 24.30  0.41892E-04   714
 24.31  0.61323E-04   582
 24.32  0.74964E-04   582
 24.33  0.79962E-04   583
 24.34  0.80236E-04   583
 24.35  0.78545E-04   584
 24.36  0.75769E-04   585
 24.37  0.72068E-04   585
 24.38  0.69007E-04   586
 24.39  0.68272E-04   587
 24.40  0.69867E-04   587
 24.41  0.72187E-04   588
 24.42  0.73985E-04   588
 24.43  0.74941E-04   589
 24.44  0.76420E-04   589
 24.45  0.81081E-04   590
 24.46  0.88002E-04   591
 24.47  0.94525E-04   592
 24.48  0.10021E-03   593
 24.49  0.10601E-03   594
 24.50  0.11130E-03   595
 24.51  0.11304E-03   595
 24.52  0.10994E-03   597
 24.53  0.10413E-03   597
 24.54  0.98553E-04   598
 24.55  0.92934E-04   599
 24.56  0.85854E-04   600
 24.57  0.76786E-04   601
 24.58  0.66011E-04   602
 24.59  0.49195E-04   603
 24.60  0.67118E-04   757
 24.61  0.68645E-04   759
 24.62  0.69970E-04   760
 24.63  0.71499E-04   762
 24.64  0.34287E-04   607
 24.65  0.85682E-04   608
 24.66  0.11349E-03   608
 24.67  0.13275E-03   609
 24.68  0.14499E-03   610
 24.69  0.15026E-03   611
 24.70  0.14999E-03   612
 24.71  0.14432E-03   614
 24.72  0.13461E-03   617
 24.73  0.12098E-03   617
 24.74  0.10689E-03   620
 24.75  0.94750E-04   621
 24.76  0.87409E-04   623
 24.77  0.83448E-04   624
 24.78  0.80748E-04   626
 24.79  0.75025E-04   627
 24.80  0.67909E-04   629
 24.81  0.69243E-04   630
 24.82  0.81818E-04   631
 24.83  0.95220E-04   632
 24.84  0.10720E-03   634
 24.85  0.12017E-03   635
 24.86  0.13561E-03   636
 24.87  0.14374E-03   637
 24.88  0.13773E-03   639
 24.89  0.11738E-03   639
 24.90  0.88109E-04   641
 24.91  0.14811E-04   642
 24.92  0.19179E-03   839
 24.93  0.20139E-03   843
 24.94  0.21338E-03   847
 24.95  0.22669E-03   852
 24.96  0.24178E-03   857
 24.97  0.25553E-03   860
 24.98  0.27114E-03   865
 24.99  0.28845E-03   869
 25.00  0.30626E-03   872
 25.01  0.32932E-03   877
 25.02  0.35096E-03   880
 25.03  0.37468E-03   883
 25.04  0.40047E-03   887
 25.05  0.43144E-03   891
 25.06  0.45513E-03   892
 25.07  0.48710E-03   895
 25.08  0.51951E-03   899
 25.09  0.55648E-03   902
 25.10  0.59183E-03   904
 25.11  0.63341E-03   907
 25.12  0.11151E-03   672
 25.13  0.15095E-03   674
 25.14  0.17009E-03   674
 25.15  0.17749E-03   675
 25.16  0.17516E-03   676
 25.17  0.17568E-03   677
 25.18  0.20598E-03   678
 25.19  0.26873E-03   678
 25.20  0.33950E-03   678
 25.21  0.40784E-03   679
 25.22  0.47673E-03   679
 25.23  0.54837E-03   680
 25.24  0.60926E-03   680
 25.25  0.64776E-03   680
 25.26  0.66507E-03   681
 25.27  0.67074E-03   681
 25.28  0.67641E-03   682
 25.29  0.68376E-03   682
 25.30  0.69195E-03   682
 25.31  0.69430E-03   683
 25.32  0.67582E-03   683
 25.33  0.63896E-03   684
 25.34  0.59791E-03   684
 25.35  0.55348E-03   684
 25.36  0.49315E-03   685
 25.37  0.42275E-03   685
 25.38  0.39793E-03   685
 25.39  0.45904E-03   686
 25.40  0.54245E-03   686
 25.41  0.60374E-03   686
 25.42  0.64500E-03   686
 25.43  0.68001E-03   686
 25.44  0.71714E-03   686
 25.45  0.75891E-03   686
 25.46  0.80280E-03   686
 25.47  0.84254E-03   686
 25.48  0.87476E-03   686
 25.49  0.90028E-03   686
 25.50  0.92289E-03   686
 25.51  0.94593E-03   686
 25.52  0.96101E-03   686
 25.53  0.97652E-03   686
 25.54  0.98994E-03   686
 25.55  0.99832E-03   686
 25.56  0.10059E-02   686
 25.57  0.10042E-02   686
 25.58  0.99823E-03   686
 25.59  0.98640E-03   686
 25.60  0.96993E-03   686
 25.61  0.95428E-03   686
 25.62  0.94073E-03   686
 25.63  0.92886E-03   686
 25.64  0.91740E-03   686
 25.65  0.90594E-03   686
 25.66  0.89615E-03   686
 25.67  0.88551E-03   686
 25.68  0.88078E-03   686
 25.69  0.87478E-03   686
 25.70  0.86284E-03   686
 25.71  0.83736E-03   686
 25.72  0.80465E-03   686
 25.73  0.77234E-03   686
 25.74  0.73958E-03   686
 25.75  0.70553E-03   686
 25.76  0.66890E-03   686
 25.77  0.64752E-03   686
 25.78  0.65116E-03   686
 25.79  0.66501E-03   686
 25.80  0.67546E-03   686
 25.81  0.68125E-03   686
 25.82  0.68959E-03   686
 25.83  0.69751E-03   686
 25.84  0.70161E-03   686
 25.85  0.69848E-03   686
 25.86  0.69151E-03   686
 25.87  0.68666E-03   686
 25.88  0.68309E-03   686
 25.89  0.67782E-03   686
 25.90  0.67381E-03   686
 25.91  0.66597E-03   686
 25.92  0.65385E-03   686
 25.93  0.64001E-03   686
 25.94  0.62702E-03   687
 25.95  0.61273E-03   686
 25.96  0.60057E-03   686
 25.97  0.59182E-03   686
 25.98  0.58520E-03   686
 25.99  0.58329E-03   686
 26.00  0.58180E-03   686
 26.01  0.57860E-03   686
 26.02  0.57754E-03   687
 26.03  0.57947E-03   686
 26.04  0.58313E-03   686
 26.05  0.59021E-03   686
 26.06  0.59859E-03   686
 26.07  0.60998E-03   686
 26.08  0.62653E-03   686
 26.09  0.63880E-03   686
 26.10  0.64421E-03   686
 26.11  0.63757E-03   686
 26.12  0.62276E-03   686
 26.13  0.60407E-03   686
 26.14  0.58106E-03   686
 26.15  0.55674E-03   686
 26.16  0.53154E-03   686
 26.17  0.50675E-03   686
 26.18  0.48453E-03   686
 26.19  0.46531E-03   686
 26.20  0.44650E-03   686
 26.21  0.42777E-03   687
 26.22  0.40125E-03   687
 26.23  0.36932E-03   686
 26.24  0.34781E-03   686
 26.25  0.35317E-03   687
 26.26  0.37942E-03   686
 26.27  0.40695E-03   686
 26.28  0.42710E-03   686
 26.29  0.44717E-03   686
 26.30  0.46899E-03   687
 26.31  0.48780E-03   686
 26.32  0.49665E-03   686
 26.33  0.49641E-03   686
 26.34  0.49616E-03   686
 26.35  0.49592E-03   686
 26.36  0.49784E-03   687
 26.37  0.49977E-03   686
 26.38  0.49778E-03   686
 26.39  0.50362E-03   686
 26.40  0.51033E-03   686
 26.41  0.52096E-03   687
 26.42  0.52769E-03   686
 26.43  0.53398E-03   686
 26.44  0.53984E-03   687
 26.45  0.53743E-03   686
 26.46  0.52718E-03   687
 26.47  0.50515E-03   686
 26.48  0.47264E-03   686
 26.49  0.43343E-03   687
 26.50  0.39336E-03   687
 26.51  0.34877E-03   686
 26.52  0.29729E-03   686
 26.53  0.23594E-03   687
 26.54  0.15588E-03   686
 26.55  0.62559E-03   944
 26.56  0.62976E-03   944
 26.57  0.63612E-03   944
 26.58  0.64336E-03   944
 26.59  0.65061E-03   944
 26.60  0.65392E-03   944
 26.61  0.65767E-03   944
 26.62  0.66493E-03   944
 26.63  0.67132E-03   944
 26.64  0.67508E-03   944
 26.65  0.68235E-03   944
 26.66  0.13740E-03   686
 26.67  0.17394E-03   687
 26.68  0.18912E-03   687
 26.69  0.19789E-03   686
 26.70  0.20610E-03   687
 26.71  0.21841E-03   687
 26.72  0.23235E-03   686
 26.73  0.23683E-03   687
 26.74  0.22156E-03   686
 26.75  0.18565E-03   686
 26.76  0.13593E-03   687
 26.77  0.65281E-04   686
 26.78  0.66231E-03   944
 26.79  0.65947E-03   944
 26.80  0.66016E-03   944
 26.81  0.65732E-03   944
 26.82  0.65447E-03   944
 26.83  0.64897E-03   944
 26.84  0.63949E-03   944
 26.85  0.63310E-03   944
 26.86  0.62360E-03   944
 26.87  0.61720E-03   944
 26.88  0.60858E-03   944
 26.89  0.92405E-04   687
 26.90  0.13890E-03   687
 26.91  0.17188E-03   687
 26.92  0.19610E-03   687
 26.93  0.21564E-03   686
 26.94  0.23421E-03   686
 26.95  0.25250E-03   686
 26.96  0.27150E-03   686
 26.97  0.29096E-03   687
 26.98  0.30942E-03   686
 26.99  0.32664E-03   686
 27.00  0.33948E-03   686
 27.01  0.34223E-03   686
 27.02  0.34311E-03   686
 27.03  0.33928E-03   687
 27.04  0.33237E-03   686
 27.05  0.32398E-03   687
 27.06  0.31466E-03   686
 27.07  0.30564E-03   686
 27.08  0.29688E-03   686
 27.09  0.28789E-03   687
 27.10  0.27858E-03   686
 27.11  0.26953E-03   686
 27.12  0.26021E-03   686
 27.13  0.25105E-03   686
 27.14  0.24217E-03   686
 27.15  0.23309E-03   687
 27.16  0.22401E-03   687
 27.17  0.21483E-03   687
 27.18  0.19723E-03   687
 27.19  0.17631E-03   686
 27.20  0.15752E-03   687
 27.21  0.14068E-03   687
 27.22  0.12500E-03   687
 27.23  0.11093E-03   687
 27.24  0.98990E-04   687
 27.25  0.89424E-04   686
 27.26  0.81468E-04   686
 27.27  0.74538E-04   687
 27.28  0.67917E-04   686
 27.29  0.61696E-04   686
 27.30  0.55785E-04   687
 27.31  0.50454E-04   687
 27.32  0.45794E-04   687
 27.33  0.41401E-04   686
 27.34  0.37328E-04   687
 27.35  0.33708E-04   687
 27.36  0.30152E-04   687
 27.37  0.26810E-04   686
 27.38  0.23813E-04   686
 27.39  0.21138E-04   687
 27.40  0.18800E-04   687
 27.41  0.16835E-04   686
 27.42  0.15039E-04   687
 27.43  0.13432E-04   687
 27.44  0.11982E-04   686
 27.45  0.10640E-04   686
 27.46  0.94183E-05   687
 27.47  0.83362E-05   686
 27.48  0.73121E-05   687
 27.49  0.64094E-05   687
 27.50  0.55967E-05   686
 27.51  0.48785E-05   686
 27.52  0.42590E-05   686
 27.53  0.37262E-05   686
 27.54  0.35107E-05   686
 27.55  0.34072E-05   686
 27.56  0.33023E-05   687
 27.57  0.32249E-05   687
 27.58  0.31530E-05   686
 27.59  0.30715E-05   687
 27.60  0.30067E-05   686
 27.61  0.29114E-05   687
 27.62  0.28206E-05   687
 27.63  0.27315E-05   687
 27.64  0.26365E-05   687
 27.65  0.25295E-05   687
 27.66  0.24302E-05   686
 27.67  0.23368E-05   687
 27.68  0.22488E-05   686
 27.69  0.21611E-05   686
 27.70  0.20689E-05   687
 27.71  0.19848E-05   687
 27.72  0.19859E-05   686
 27.73  0.21081E-05   687
 27.74  0.22390E-05   687
 27.75  0.23810E-05   687
 27.76  0.25209E-05   687
 27.77  0.26809E-05   687
 27.78  0.28470E-05   687
 27.79  0.30210E-05   687
 27.80  0.32102E-05   687
 27.81  0.34174E-05   686
 27.82  0.36165E-05   687
 27.83  0.38414E-05   687
 27.84  0.40899E-05   687
 27.85  0.43422E-05   686
 27.86  0.46149E-05   687
 27.87  0.49332E-05   687
 27.88  0.52701E-05   687
 27.89  0.56669E-05   686
 27.90  0.60273E-05   687
 27.91  0.64798E-05   687
 27.92  0.69694E-05   687
 27.93  0.74916E-05   687
 27.94  0.80095E-05   687
 27.95  0.85785E-05   686
 27.96  0.91570E-05   686
 27.97  0.97452E-05   687
 27.98  0.10449E-04   686
 27.99  0.11153E-04   687
 28.00  0.11817E-04   687
 28.05  0.12965E-04   703
 28.10  0.16828E-04   703
 28.15  0.19801E-04   703
 28.20  0.23305E-04   703
 28.25  0.27468E-04   703
 28.30  0.30405E-04   703
 28.35  0.31234E-04   703
 28.40  0.31902E-04   703
 28.45  0.36544E-04   703
 28.50  0.39485E-04   703
 28.55  0.40560E-04   703
